INT	INT	INT	INT	INT	INT	INT	INT	INT	INT	STRING	INT	STRING	INT	INT	INT	INT	INT	INT	INT	INT	INT	INT	INT	INT	INT	INT	INT	INT	INT	INT	INT	INT	INT	INT	INT	INT	INT	INT	INT	INT	INT	INT	INT	INT	INT	INT	INT	INT	INT	INT	INT	INT	INT	INT	INT	INT	INT	INT	INT	INT	INT	INT	INT	INT	INT	INT	INT	INT	INT	INT	INT	INT	INT	INT	INT	INT	INT	INT	INT	INT	INT	INT	STRING	STRING
Index	class(基本类型)	Quality(品质)	Type(类别)	Index(物品号)	EquipPoint(装备点)	Visual	适应规则	套装编号	套装件数	Name(名称)	Lv(需求等级)	Desc(说明)	基本价格	Max耐久	修理失败上限	镶嵌宝石上限	增加HP的上限	百分比增加HP的上限	加快HP的回复速度	数增加MP的上限	百分比增加MP的上限	加快MP的回复速度	冰攻击	冰抵抗	减少冰冻迟缓时间	火攻击	火抵抗	减少火烧持续时间	电攻击	电抵抗	减少电击眩晕时间	毒攻击	毒抵抗	减少中毒时间	按百分比抵消所有属性攻击	物理攻击	按百分比增加物理攻击	对装备基础物理攻击百分比加成	物理防御	按百分比增加物理防御	对装备基础物理防御百分比加成	按百分比抵消物理伤害	魔法攻击	按百分比增加术-攻击	对装备基础魔法攻击百分比加成	魔法防御	按百分比增加魔法防御	对装备基础术-防御百分比加成	按百分比抵消魔法伤害	攻击速度(两次攻击间隔时间)	魔法冷却速度	命中	闪避	会心一击（双倍攻击）的百分比	无视对方防御比率	移动速度百分比	伤害反射	伤害由内力抵消	力量	灵气	体力	定力	身法	悟性	增加所有的人物一级属性	生命偷取	内力偷取	增加某个技能等级	增加所有技能等级	特殊技能发动概率	基础物理攻击下限	基础物理攻击上限	基础魔法攻击下限	基础魔法攻击上限	基础攻击速度下限(废弃)	基础攻击速度上限(废弃)	基础物理防御下限	基础物理防御上限	基础魔法防御下限	基础魔法防御上限	基础闪避下限	基础闪避上限	图标	类型描述
10400001	1	4	0	1	0	72	1	-1	-1	鬼头刀	10	刀身宽，刀背略弯，刀尖突出	620	60	3	3	-1	-1	-1	-1	-1	-1	-1	-1	-1	-1	-1	-1	-1	-1	-1	-1	-1	-1	-1	2	-1	-1	-1	-1	-1	-1	-1	-1	-1	-1	-1	-1	-1	-1	-1	-1	-1	-1	-1	-1	-1	-1	-1	-1	-1	-1	-1	-1	-1	-1	-1	-1	-1	-1	4	-1	4	-1	-1	-1	-1	-1	-1	-1	-1	-1	Broadsword1_12	武器
10400006	1	4	0	6	0	67	1	-1	-1	宿铁刀	20	怀文造宿铁刀，其法烧出铁精，以重柔铤，数宿则成。	725	60	3	3	-1	-1	-1	-1	-1	-1	-1	-1	-1	-1	-1	-1	-1	-1	-1	-1	-1	-1	-1	4	-1	-1	-1	-1	-1	-1	-1	-1	-1	-1	-1	-1	-1	-1	-1	-1	-1	-1	-1	-1	-1	-1	-1	-1	-1	-1	-1	-1	-1	-1	-1	-1	-1	-1	9	-1	9	-1	-1	-1	-1	-1	-1	-1	-1	-1	Broadsword1_7	武器
10400011	1	4	0	11	0	77	1	-1	-1	宝钿刀	30	刀长三尺七寸，刀身嵌有金镶玉，宝气于刀光交相辉映。	880	70	3	3	-1	-1	-1	-1	-1	-1	-1	-1	-1	-1	-1	-1	-1	-1	-1	-1	-1	-1	-1	6	-1	-1	-1	-1	-1	-1	-1	-1	-1	-1	-1	-1	-1	-1	-1	-1	-1	-1	-1	-1	-1	-1	-1	-1	-1	-1	-1	-1	-1	-1	-1	-1	-1	-1	18	-1	18	-1	-1	-1	-1	-1	-1	-1	-1	-1	Broadsword2_1	武器
10400016	1	4	0	16	0	118	1	-1	-1	银装刀	40	据说为魏武帝曹操命人所造，通体银色，刀刃锋利无比，霸气十足。	1080	70	3	3	-1	-1	-1	-1	-1	-1	-1	-1	-1	-1	-1	-1	-1	-1	-1	-1	-1	-1	-1	8	-1	-1	-1	-1	-1	-1	-1	-1	-1	-1	-1	-1	-1	-1	-1	-1	-1	-1	-1	-1	-1	-1	-1	-1	-1	-1	-1	-1	-1	-1	-1	-1	-1	-1	28	-1	28	-1	-1	-1	-1	-1	-1	-1	-1	-1	Broadsword4_8	武器
10400021	1	4	0	21	0	119	1	-1	-1	雁翅刀	50	刀背厚，刀头宽大，刀背上穿有铜环，挥动时，环击刀背，连连作响，声似雁鸣。	1355	80	3	3	-1	-1	-1	-1	-1	-1	-1	-1	-1	-1	-1	-1	-1	-1	-1	-1	-1	-1	-1	10	-1	-1	-1	-1	-1	-1	-1	-1	-1	-1	-1	-1	-1	-1	-1	-1	-1	-1	-1	-1	-1	-1	-1	-1	-1	-1	-1	-1	-1	-1	-1	-1	-1	-1	40	-1	40	-1	-1	-1	-1	-1	-1	-1	-1	-1	Broadsword4_11	武器
10400026	1	4	0	26	0	85	2	-1	-1	百炼	60	百炼精钢淬就，刀身挺拔，锋刃锐利，无坚不摧。	2195	80	3	3	-1	-1	-1	-1	-1	-1	-1	-1	-1	-1	-1	-1	-1	-1	-1	-1	-1	-1	-1	14	-1	-1	-1	-1	-1	-1	-1	-1	-1	-1	-1	-1	-1	-1	-1	-1	-1	-1	-1	-1	-1	-1	-1	-1	-1	-1	-1	-1	-1	-1	-1	-1	-1	-1	57	-1	57	-1	-1	-1	-1	-1	-1	-1	-1	-1	Broadsword2_9	武器
10400031	1	4	0	31	0	61	2	-1	-1	神术	70	宽背广刃，刀重无比，能碎花岩，此刀铸造时吸收天地之精华，传说有神力附其上。	3525	90	3	3	-1	-1	-1	-1	-1	-1	-1	-1	-1	-1	-1	-1	-1	-1	-1	-1	-1	-1	-1	18	-1	-1	-1	-1	-1	-1	-1	-1	-1	-1	-1	-1	-1	-1	-1	-1	-1	-1	-1	-1	-1	-1	-1	-1	-1	-1	-1	-1	-1	-1	-1	-1	-1	-1	78	-1	78	-1	-1	-1	-1	-1	-1	-1	-1	-1	Broadsword1_1	武器
10400036	1	4	0	36	0	104	2	-1	-1	穿云	80	刀身窄，下宽上细，刀出，气激长空，穿云而过，故此得名。	5460	90	3	3	-1	-1	-1	-1	-1	-1	-1	-1	-1	-1	-1	-1	-1	-1	-1	-1	-1	-1	-1	24	-1	-1	-1	-1	-1	-1	-1	-1	-1	-1	-1	-1	-1	-1	-1	-1	-1	-1	-1	-1	-1	-1	-1	-1	-1	-1	-1	-1	-1	-1	-1	-1	-1	-1	100	-1	100	-1	-1	-1	-1	-1	-1	-1	-1	-1	Broadsword3_12	武器
10400041	1	4	0	41	0	120	2	-1	-1	狂刀吞日	90	春秋时空灵子所铸，采天地之罡气，刀光飞金流彩，其浩然之气直贯云霄，竟可让烈日无光。	8130	100	3	3	-1	-1	-1	-1	-1	-1	-1	-1	-1	-1	-1	-1	-1	-1	-1	-1	-1	-1	-1	30	-1	-1	-1	-1	-1	-1	-1	-1	-1	-1	-1	-1	-1	-1	-1	-1	-1	-1	-1	-1	-1	-1	-1	-1	-1	-1	-1	-1	-1	-1	-1	-1	-1	-1	120	-1	120	-1	-1	-1	-1	-1	-1	-1	-1	-1	Broadsword4_12	武器
10400046	1	4	0	46	0	115	2	-1	-1	神斧龙鳞	100	"全长三尺五寸,通体刻有古朴花纹，如龙鳞，吹毛断发，普净僧尼备此斧，四海云游除反徒。"	11670	100	3	3	-1	-1	-1	-1	-1	-1	-1	-1	-1	-1	-1	-1	-1	-1	-1	-1	-1	-1	-1	36	-1	-1	-1	-1	-1	-1	-1	-1	-1	-1	-1	-1	-1	-1	-1	-1	-1	-1	-1	-1	-1	-1	-1	-1	-1	-1	-1	-1	-1	-1	-1	-1	-1	-1	150	-1	150	-1	-1	-1	-1	-1	-1	-1	-1	-1	Broadsword4_10	武器
10401001	1	4	1	1	0	12	1	-1	-1	赤铁棒	10	通体长七尺二寸，粗约三寸余，精钢制成。	620	60	3	3	-1	-1	-1	-1	-1	-1	-1	-1	-1	-1	-1	-1	-1	-1	-1	-1	-1	-1	-1	2	-1	-1	-1	-1	-1	-1	-1	-1	-1	-1	-1	-1	-1	-1	-1	-1	-1	-1	-1	-1	-1	-1	-1	-1	-1	-1	-1	-1	-1	-1	-1	-1	-1	-1	4	-1	4	-1	-1	-1	-1	-1	-1	-1	-1	-1	Broadsword3_3	武器
10401006	1	4	1	6	0	20	1	-1	-1	闪电枪	20	枪身银白，枪尖极细，轻巧灵活，无形中取人性命，速度如闪电。	725	60	3	3	-1	-1	-1	-1	-1	-1	-1	-1	-1	-1	-1	-1	-1	-1	-1	-1	-1	-1	-1	4	-1	-1	-1	-1	-1	-1	-1	-1	-1	-1	-1	-1	-1	-1	-1	-1	-1	-1	-1	-1	-1	-1	-1	-1	-1	-1	-1	-1	-1	-1	-1	-1	-1	-1	9	-1	9	-1	-1	-1	-1	-1	-1	-1	-1	-1	Spear2_3	武器
10401011	1	4	1	11	0	24	1	-1	-1	蓝骨杖	30	一根完整兽骨所制，浑然天成，霸气展露无遗。	880	70	3	3	-1	-1	-1	-1	-1	-1	-1	-1	-1	-1	-1	-1	-1	-1	-1	-1	-1	-1	-1	6	-1	-1	-1	-1	-1	-1	-1	-1	-1	-1	-1	-1	-1	-1	-1	-1	-1	-1	-1	-1	-1	-1	-1	-1	-1	-1	-1	-1	-1	-1	-1	-1	-1	-1	18	-1	18	-1	-1	-1	-1	-1	-1	-1	-1	-1	Spear2_9	武器
10401016	1	4	1	16	0	39	1	-1	-1	噬魂枪	40	枪长三尺九寸，枪头为精钢所铸，分三叉，带回钩。	1080	70	3	3	-1	-1	-1	-1	-1	-1	-1	-1	-1	-1	-1	-1	-1	-1	-1	-1	-1	-1	-1	8	-1	-1	-1	-1	-1	-1	-1	-1	-1	-1	-1	-1	-1	-1	-1	-1	-1	-1	-1	-1	-1	-1	-1	-1	-1	-1	-1	-1	-1	-1	-1	-1	-1	-1	28	-1	28	-1	-1	-1	-1	-1	-1	-1	-1	-1	Spear3_12	武器
10401021	1	4	1	21	0	23	1	-1	-1	催风棍	50	通体乌黑，柔软发带，顶端尖锐似剑，主体浑圆似棍，看去似鞭非鞭，似剑非剑。	1355	80	3	3	-1	-1	-1	-1	-1	-1	-1	-1	-1	-1	-1	-1	-1	-1	-1	-1	-1	-1	-1	10	-1	-1	-1	-1	-1	-1	-1	-1	-1	-1	-1	-1	-1	-1	-1	-1	-1	-1	-1	-1	-1	-1	-1	-1	-1	-1	-1	-1	-1	-1	-1	-1	-1	-1	40	-1	40	-1	-1	-1	-1	-1	-1	-1	-1	-1	Spear2_7	武器
10401026	1	4	1	26	0	108	2	-1	-1	绿玉杖	60	丐帮的镇帮之宝，比单剑约长一尺，为天山绿玉所制，寒气逼人，坚固绝伦。	2195	80	3	3	-1	-1	-1	-1	-1	-1	-1	-1	-1	-1	-1	-1	-1	-1	-1	-1	-1	-1	-1	14	-1	-1	-1	-1	-1	-1	-1	-1	-1	-1	-1	-1	-1	-1	-1	-1	-1	-1	-1	-1	-1	-1	-1	-1	-1	-1	-1	-1	-1	-1	-1	-1	-1	-1	57	-1	57	-1	-1	-1	-1	-1	-1	-1	-1	-1	Broadsword3_16	武器
10401031	1	4	1	31	0	55	2	-1	-1	狼神战戟	70	戟身绘有狼图腾，据说铸戟青铁正中有赤红血痕，是噬主之相。	3525	90	3	3	-1	-1	-1	-1	-1	-1	-1	-1	-1	-1	-1	-1	-1	-1	-1	-1	-1	-1	-1	18	-1	-1	-1	-1	-1	-1	-1	-1	-1	-1	-1	-1	-1	-1	-1	-1	-1	-1	-1	-1	-1	-1	-1	-1	-1	-1	-1	-1	-1	-1	-1	-1	-1	-1	78	-1	78	-1	-1	-1	-1	-1	-1	-1	-1	-1	Spear4_7	武器
10401036	1	4	1	36	0	54	2	-1	-1	七星神杵	80	传为苗疆进贡之物，杵身近手处饰有北斗七星文，玄妙无比。	5460	90	3	3	-1	-1	-1	-1	-1	-1	-1	-1	-1	-1	-1	-1	-1	-1	-1	-1	-1	-1	-1	24	-1	-1	-1	-1	-1	-1	-1	-1	-1	-1	-1	-1	-1	-1	-1	-1	-1	-1	-1	-1	-1	-1	-1	-1	-1	-1	-1	-1	-1	-1	-1	-1	-1	-1	100	-1	100	-1	-1	-1	-1	-1	-1	-1	-1	-1	Spear4_6	武器
10401041	1	4	1	41	0	51	2	-1	-1	上玄	90	周身血红，戟头的月牙刃为千年红珊瑚所造，如红莲圣火，熊熊不息。	8130	100	3	3	-1	-1	-1	-1	-1	-1	-1	-1	-1	-1	-1	-1	-1	-1	-1	-1	-1	-1	-1	30	-1	-1	-1	-1	-1	-1	-1	-1	-1	-1	-1	-1	-1	-1	-1	-1	-1	-1	-1	-1	-1	-1	-1	-1	-1	-1	-1	-1	-1	-1	-1	-1	-1	-1	120	-1	120	-1	-1	-1	-1	-1	-1	-1	-1	-1	Spear4_3	武器
10401046	1	4	1	46	0	52	2	-1	-1	月破	100	两端为万年玄铁所铸，中间为千年寒玉打造，日光下隐约透出山河图，天下人争夺之神兵。	11670	100	3	3	-1	-1	-1	-1	-1	-1	-1	-1	-1	-1	-1	-1	-1	-1	-1	-1	-1	-1	-1	36	-1	-1	-1	-1	-1	-1	-1	-1	-1	-1	-1	-1	-1	-1	-1	-1	-1	-1	-1	-1	-1	-1	-1	-1	-1	-1	-1	-1	-1	-1	-1	-1	-1	-1	150	-1	150	-1	-1	-1	-1	-1	-1	-1	-1	-1	Spear4_4	武器
10402001	1	4	2	1	0	155	1	-1	-1	太康剑	10	夏王太康命人用精铜所铸，剑身三尺二寸，取意天下太平安康之意。	620	60	3	3	-1	-1	-1	-1	-1	-1	-1	-1	-1	-1	-1	-1	-1	-1	-1	-1	-1	-1	-1	-1	-1	-1	-1	-1	-1	-1	2	-1	-1	-1	-1	-1	-1	-1	-1	-1	-1	-1	-1	-1	-1	-1	-1	-1	-1	-1	-1	-1	-1	-1	-1	-1	-1	-1	4	-1	4	-1	-1	-1	-1	-1	-1	-1	-1	-1	Sword3_3	武器
10402006	1	4	2	6	0	140	1	-1	-1	灵宝剑	20	一剑削十大钉，皆截，剑无纤迹，用力屈之如钩，纵之铿锵有声，复直如弦。	725	60	3	3	-1	-1	-1	-1	-1	-1	-1	-1	-1	-1	-1	-1	-1	-1	-1	-1	-1	-1	-1	-1	-1	-1	-1	-1	-1	-1	4	-1	-1	-1	-1	-1	-1	-1	-1	-1	-1	-1	-1	-1	-1	-1	-1	-1	-1	-1	-1	-1	-1	-1	-1	-1	-1	-1	9	-1	9	-1	-1	-1	-1	-1	-1	-1	-1	-1	Sword2_4	武器
10402011	1	4	2	11	0	151	1	-1	-1	昆吾剑	30	周穆王时西戎献，链钢，长欠有咫，用之切玉如泥。	880	70	3	3	-1	-1	-1	-1	-1	-1	-1	-1	-1	-1	-1	-1	-1	-1	-1	-1	-1	-1	-1	-1	-1	-1	-1	-1	-1	-1	6	-1	-1	-1	-1	-1	-1	-1	-1	-1	-1	-1	-1	-1	-1	-1	-1	-1	-1	-1	-1	-1	-1	-1	-1	-1	-1	-1	18	-1	18	-1	-1	-1	-1	-1	-1	-1	-1	-1	Sword2_14	武器
10402016	1	4	2	16	0	156	1	-1	-1	青冥剑	40	剑身隐泛青光，削铁如泥的宝剑，剑刃上有奇异的花y，目视则心生寒意。	1080	70	3	3	-1	-1	-1	-1	-1	-1	-1	-1	-1	-1	-1	-1	-1	-1	-1	-1	-1	-1	-1	-1	-1	-1	-1	-1	-1	-1	8	-1	-1	-1	-1	-1	-1	-1	-1	-1	-1	-1	-1	-1	-1	-1	-1	-1	-1	-1	-1	-1	-1	-1	-1	-1	-1	-1	28	-1	28	-1	-1	-1	-1	-1	-1	-1	-1	-1	Sword3_5	武器
10402021	1	4	2	21	0	177	1	-1	-1	梁神剑	50	据传为陶弘景造，金银铜锡铁五色合为之，锋刃薄利，寒光流转。	1355	80	3	3	-1	-1	-1	-1	-1	-1	-1	-1	-1	-1	-1	-1	-1	-1	-1	-1	-1	-1	-1	-1	-1	-1	-1	-1	-1	-1	10	-1	-1	-1	-1	-1	-1	-1	-1	-1	-1	-1	-1	-1	-1	-1	-1	-1	-1	-1	-1	-1	-1	-1	-1	-1	-1	-1	40	-1	40	-1	-1	-1	-1	-1	-1	-1	-1	-1	Sword4_5	武器
10402026	1	4	2	26	0	176	2	-1	-1	如风	60	锋光幽蓝，精悍，剑快如风，杀人于不备。	2195	80	3	3	-1	-1	-1	-1	-1	-1	-1	-1	-1	-1	-1	-1	-1	-1	-1	-1	-1	-1	-1	-1	-1	-1	-1	-1	-1	-1	14	-1	-1	-1	-1	-1	-1	-1	-1	-1	-1	-1	-1	-1	-1	-1	-1	-1	-1	-1	-1	-1	-1	-1	-1	-1	-1	-1	57	-1	57	-1	-1	-1	-1	-1	-1	-1	-1	-1	Sword4_4	武器
10402031	1	4	2	31	0	179	2	-1	-1	青虹	70	与倚天剑齐名的神兵，削铁如泥，锋利无比，剑柄上有金嵌的“青虹”二字。	3525	90	3	3	-1	-1	-1	-1	-1	-1	-1	-1	-1	-1	-1	-1	-1	-1	-1	-1	-1	-1	-1	-1	-1	-1	-1	-1	-1	-1	18	-1	-1	-1	-1	-1	-1	-1	-1	-1	-1	-1	-1	-1	-1	-1	-1	-1	-1	-1	-1	-1	-1	-1	-1	-1	-1	-1	78	-1	78	-1	-1	-1	-1	-1	-1	-1	-1	-1	Sword4_11	武器
10402036	1	4	2	36	0	173	2	-1	-1	纯钧	80	春秋时期铸剑大师欧冶子所铸，光华如芙蓉始出，剑锋断岩如发，乃天下尊贵无双之剑。	5460	90	3	3	-1	-1	-1	-1	-1	-1	-1	-1	-1	-1	-1	-1	-1	-1	-1	-1	-1	-1	-1	-1	-1	-1	-1	-1	-1	-1	24	-1	-1	-1	-1	-1	-1	-1	-1	-1	-1	-1	-1	-1	-1	-1	-1	-1	-1	-1	-1	-1	-1	-1	-1	-1	-1	-1	100	-1	100	-1	-1	-1	-1	-1	-1	-1	-1	-1	Sword4_7	武器
10402041	1	4	2	41	0	172	2	-1	-1	湛泸宝剑	90	这把通体黑色、浑然无迹的长剑让人感到的不是它的锋利，而是它的宽厚和慈祥，乃天下之仁道第一剑。	8130	100	3	3	-1	-1	-1	-1	-1	-1	-1	-1	-1	-1	-1	-1	-1	-1	-1	-1	-1	-1	-1	-1	-1	-1	-1	-1	-1	-1	30	-1	-1	-1	-1	-1	-1	-1	-1	-1	-1	-1	-1	-1	-1	-1	-1	-1	-1	-1	-1	-1	-1	-1	-1	-1	-1	-1	120	-1	120	-1	-1	-1	-1	-1	-1	-1	-1	-1	Sword4_6	武器
10402046	1	4	2	46	0	171	2	-1	-1	神剑琅琊	100	传说天下第一铸造师得赤堇山之锡，若耶溪之铜，经雨洒雷击，得天地精华所成，得之得天下。	11670	100	3	3	-1	-1	-1	-1	-1	-1	-1	-1	-1	-1	-1	-1	-1	-1	-1	-1	-1	-1	-1	-1	-1	-1	-1	-1	-1	-1	36	-1	-1	-1	-1	-1	-1	-1	-1	-1	-1	-1	-1	-1	-1	-1	-1	-1	-1	-1	-1	-1	-1	-1	-1	-1	-1	-1	150	-1	150	-1	-1	-1	-1	-1	-1	-1	-1	-1	Sword4_3	武器
10403001	1	4	3	1	0	327	1	-1	-1	十字短剑	10	两剑长两尺四寸有余，通体为铁制，剑身有脊，呈棱形。	620	60	3	3	-1	-1	-1	-1	-1	-1	-1	-1	-1	-1	-1	-1	-1	-1	-1	-1	-1	-1	-1	-1	-1	-1	-1	-1	-1	-1	2	-1	-1	-1	-1	-1	-1	-1	-1	-1	-1	-1	-1	-1	-1	-1	-1	-1	-1	-1	-1	-1	-1	-1	-1	-1	-1	-1	4	-1	4	-1	-1	-1	-1	-1	-1	-1	-1	-1	BothHands2_14	武器
10403006	1	4	3	6	0	301	1	-1	-1	梅花双剑	20	精铜所制，形似梅枝，剑身小篆刻有“梅花”两字，双剑归同一剑鞘。	725	60	3	3	-1	-1	-1	-1	-1	-1	-1	-1	-1	-1	-1	-1	-1	-1	-1	-1	-1	-1	-1	-1	-1	-1	-1	-1	-1	-1	4	-1	-1	-1	-1	-1	-1	-1	-1	-1	-1	-1	-1	-1	-1	-1	-1	-1	-1	-1	-1	-1	-1	-1	-1	-1	-1	-1	9	-1	9	-1	-1	-1	-1	-1	-1	-1	-1	-1	BothHands1_1	武器
10403011	1	4	3	11	0	337	1	-1	-1	逸龙双剑	30	剑身有龙形图案，无剑穗，剑柄相吸，双剑舞动银光四射，如蛟龙出水。	880	70	3	3	-1	-1	-1	-1	-1	-1	-1	-1	-1	-1	-1	-1	-1	-1	-1	-1	-1	-1	-1	-1	-1	-1	-1	-1	-1	-1	6	-1	-1	-1	-1	-1	-1	-1	-1	-1	-1	-1	-1	-1	-1	-1	-1	-1	-1	-1	-1	-1	-1	-1	-1	-1	-1	-1	18	-1	18	-1	-1	-1	-1	-1	-1	-1	-1	-1	BothHands3_5	武器
10403016	1	4	3	16	0	344	1	-1	-1	钺牙戟	40	长二尺，握手处两端由铁杆向上连出，上有一月牙形护手刃，两角外翘，尖而锋利，此戟双手各执其一。	1080	70	3	3	-1	-1	-1	-1	-1	-1	-1	-1	-1	-1	-1	-1	-1	-1	-1	-1	-1	-1	-1	-1	-1	-1	-1	-1	-1	-1	8	-1	-1	-1	-1	-1	-1	-1	-1	-1	-1	-1	-1	-1	-1	-1	-1	-1	-1	-1	-1	-1	-1	-1	-1	-1	-1	-1	28	-1	28	-1	-1	-1	-1	-1	-1	-1	-1	-1	BothHands3_12	武器
10403021	1	4	3	21	0	312	1	-1	-1	子午剑	50	为半圆环形，如月牙状，其一月牙尖向外，另一中部有一突出枪刺状枪头，剑把为扁平形。四面有刃，甚是锋利。	1355	80	3	3	-1	-1	-1	-1	-1	-1	-1	-1	-1	-1	-1	-1	-1	-1	-1	-1	-1	-1	-1	-1	-1	-1	-1	-1	-1	-1	10	-1	-1	-1	-1	-1	-1	-1	-1	-1	-1	-1	-1	-1	-1	-1	-1	-1	-1	-1	-1	-1	-1	-1	-1	-1	-1	-1	40	-1	40	-1	-1	-1	-1	-1	-1	-1	-1	-1	BothHands1_12	武器
10403026	1	4	3	26	0	314	2	-1	-1	巨阙双剑	60	剑脊高耸，剑身寒光逼人，光亮如镜，坚韧锋利，斩铁如泥。	2195	80	3	3	-1	-1	-1	-1	-1	-1	-1	-1	-1	-1	-1	-1	-1	-1	-1	-1	-1	-1	-1	-1	-1	-1	-1	-1	-1	-1	14	-1	-1	-1	-1	-1	-1	-1	-1	-1	-1	-1	-1	-1	-1	-1	-1	-1	-1	-1	-1	-1	-1	-1	-1	-1	-1	-1	57	-1	57	-1	-1	-1	-1	-1	-1	-1	-1	-1	BothHands1_14	武器
10403031	1	4	3	31	0	334	2	-1	-1	紫电青霜	70	上古名剑，紫电剑凌空倒泻，星雨陨空；青霜剑贴地如流，狂涛怒卷，双剑合并，天下无敌。	3525	90	3	3	-1	-1	-1	-1	-1	-1	-1	-1	-1	-1	-1	-1	-1	-1	-1	-1	-1	-1	-1	-1	-1	-1	-1	-1	-1	-1	18	-1	-1	-1	-1	-1	-1	-1	-1	-1	-1	-1	-1	-1	-1	-1	-1	-1	-1	-1	-1	-1	-1	-1	-1	-1	-1	-1	78	-1	78	-1	-1	-1	-1	-1	-1	-1	-1	-1	BothHands4_1	武器
10403036	1	4	3	36	0	358	2	-1	-1	干将莫邪	80	春秋时代传下的神兵利器。绝世好剑，干将莫邪，韬光养晦，不见光彩。	5460	90	3	3	-1	-1	-1	-1	-1	-1	-1	-1	-1	-1	-1	-1	-1	-1	-1	-1	-1	-1	-1	-1	-1	-1	-1	-1	-1	-1	24	-1	-1	-1	-1	-1	-1	-1	-1	-1	-1	-1	-1	-1	-1	-1	-1	-1	-1	-1	-1	-1	-1	-1	-1	-1	-1	-1	100	-1	100	-1	-1	-1	-1	-1	-1	-1	-1	-1	BothHands4_10	武器
10403041	1	4	3	41	0	351	2	-1	-1	星月	90	白金精炼而成，锋利无比，屈伸如意，剑光青凛若月光，相间刻有一颗星形花纹。	8130	100	3	3	-1	-1	-1	-1	-1	-1	-1	-1	-1	-1	-1	-1	-1	-1	-1	-1	-1	-1	-1	-1	-1	-1	-1	-1	-1	-1	30	-1	-1	-1	-1	-1	-1	-1	-1	-1	-1	-1	-1	-1	-1	-1	-1	-1	-1	-1	-1	-1	-1	-1	-1	-1	-1	-1	120	-1	120	-1	-1	-1	-1	-1	-1	-1	-1	-1	BothHands4_3	武器
10403046	1	4	3	46	0	354	2	-1	-1	璇玑	100	千秋凤凰山山破而出矿，万世青龙河水干而出铜，造就此绝世双剑，傲视人间。	11670	100	3	3	-1	-1	-1	-1	-1	-1	-1	-1	-1	-1	-1	-1	-1	-1	-1	-1	-1	-1	-1	-1	-1	-1	-1	-1	-1	-1	36	-1	-1	-1	-1	-1	-1	-1	-1	-1	-1	-1	-1	-1	-1	-1	-1	-1	-1	-1	-1	-1	-1	-1	-1	-1	-1	-1	150	-1	150	-1	-1	-1	-1	-1	-1	-1	-1	-1	BothHands4_8	武器
10404001	1	4	4	1	0	252	1	-1	-1	折扇	10	普通纸扇，易碎，入门装备。	620	60	3	3	-1	-1	-1	-1	-1	-1	-1	-1	-1	-1	-1	-1	-1	-1	-1	-1	-1	-1	-1	1	-1	-1	-1	-1	-1	-1	1	-1	-1	-1	-1	-1	-1	-1	-1	-1	-1	-1	-1	-1	-1	-1	-1	-1	-1	-1	-1	-1	-1	-1	-1	-1	-1	-1	4	-1	4	-1	-1	-1	-1	-1	-1	-1	-1	-1	Fan1_13	武器
10404006	1	4	4	6	0	275	1	-1	-1	芭蕉扇	20	用棕榈叶制成，不宜损坏，但怕火。	725	60	3	3	-1	-1	-1	-1	-1	-1	-1	-1	-1	-1	-1	-1	-1	-1	-1	-1	-1	-1	-1	2	-1	-1	-1	-1	-1	-1	2	-1	-1	-1	-1	-1	-1	-1	-1	-1	-1	-1	-1	-1	-1	-1	-1	-1	-1	-1	-1	-1	-1	-1	-1	-1	-1	-1	9	-1	9	-1	-1	-1	-1	-1	-1	-1	-1	-1	Fan3_3	武器
10404011	1	4	4	11	0	256	1	-1	-1	紫竹扇	30	绢丝为扇面，紫竹做扇骨，韧性十足，可反弹外力。	880	70	3	3	-1	-1	-1	-1	-1	-1	-1	-1	-1	-1	-1	-1	-1	-1	-1	-1	-1	-1	-1	3	-1	-1	-1	-1	-1	-1	3	-1	-1	-1	-1	-1	-1	-1	-1	-1	-1	-1	-1	-1	-1	-1	-1	-1	-1	-1	-1	-1	-1	-1	-1	-1	-1	-1	18	-1	18	-1	-1	-1	-1	-1	-1	-1	-1	-1	Fan1_16	武器
10404016	1	4	4	16	0	264	1	-1	-1	玉钢扇	40	当年玉扇公子所留，据说为精钢所制，既可取人性命，又可阻挡利器。	1080	70	3	3	-1	-1	-1	-1	-1	-1	-1	-1	-1	-1	-1	-1	-1	-1	-1	-1	-1	-1	-1	4	-1	-1	-1	-1	-1	-1	4	-1	-1	-1	-1	-1	-1	-1	-1	-1	-1	-1	-1	-1	-1	-1	-1	-1	-1	-1	-1	-1	-1	-1	-1	-1	-1	-1	28	-1	28	-1	-1	-1	-1	-1	-1	-1	-1	-1	Fan2_8	武器
10404021	1	4	4	21	0	246	1	-1	-1	桃花扇	50	传闻此扇上桃花乃女子的鲜血点滴而成，凝有一丝香魂，遇有危险会传出幽噎哭声。	1355	80	3	3	-1	-1	-1	-1	-1	-1	-1	-1	-1	-1	-1	-1	-1	-1	-1	-1	-1	-1	-1	5	-1	-1	-1	-1	-1	-1	5	-1	-1	-1	-1	-1	-1	-1	-1	-1	-1	-1	-1	-1	-1	-1	-1	-1	-1	-1	-1	-1	-1	-1	-1	-1	-1	-1	40	-1	40	-1	-1	-1	-1	-1	-1	-1	-1	-1	Fan1_6	武器
10404026	1	4	4	26	0	276	2	-1	-1	火莲扇	60	"黑色的扇脊上有暗红色的火焰和莲花的图案,是由细微的铆钉组成的，可做暗器发出。"	2195	80	3	3	-1	-1	-1	-1	-1	-1	-1	-1	-1	-1	-1	-1	-1	-1	-1	-1	-1	-1	-1	7	-1	-1	-1	-1	-1	-1	7	-1	-1	-1	-1	-1	-1	-1	-1	-1	-1	-1	-1	-1	-1	-1	-1	-1	-1	-1	-1	-1	-1	-1	-1	-1	-1	-1	57	-1	57	-1	-1	-1	-1	-1	-1	-1	-1	-1	Fan3_5	武器
10404031	1	4	4	31	0	287	2	-1	-1	百折龙骨扇	70	乃是千年寒铁所制，普通的兵器在它的之下走不过一个回合就会被折断，所以才会被称为百折龙骨扇。	3525	90	3	3	-1	-1	-1	-1	-1	-1	-1	-1	-1	-1	-1	-1	-1	-1	-1	-1	-1	-1	-1	9	-1	-1	-1	-1	-1	-1	9	-1	-1	-1	-1	-1	-1	-1	-1	-1	-1	-1	-1	-1	-1	-1	-1	-1	-1	-1	-1	-1	-1	-1	-1	-1	-1	-1	78	-1	78	-1	-1	-1	-1	-1	-1	-1	-1	-1	Fan3_15	武器
10404036	1	4	4	36	0	298	2	-1	-1	凤翔	80	百鸟羽毛所制，形如凤凰展翅高翔，每根羽毛根部都淬有巨毒，可在危机关头杀人于无形。	5460	90	3	3	-1	-1	-1	-1	-1	-1	-1	-1	-1	-1	-1	-1	-1	-1	-1	-1	-1	-1	-1	12	-1	-1	-1	-1	-1	-1	12	-1	-1	-1	-1	-1	-1	-1	-1	-1	-1	-1	-1	-1	-1	-1	-1	-1	-1	-1	-1	-1	-1	-1	-1	-1	-1	-1	100	-1	100	-1	-1	-1	-1	-1	-1	-1	-1	-1	Fan4_10	武器
10404041	1	4	4	41	0	299	2	-1	-1	流影	90	南山翡翠制的扇骨，灵巧优雅，流光溢彩 。	8130	100	3	3	-1	-1	-1	-1	-1	-1	-1	-1	-1	-1	-1	-1	-1	-1	-1	-1	-1	-1	-1	15	-1	-1	-1	-1	-1	-1	15	-1	-1	-1	-1	-1	-1	-1	-1	-1	-1	-1	-1	-1	-1	-1	-1	-1	-1	-1	-1	-1	-1	-1	-1	-1	-1	-1	120	-1	120	-1	-1	-1	-1	-1	-1	-1	-1	-1	Fan4_11	武器
10404046	1	4	4	46	0	296	2	-1	-1	凌霄仙羽	100	此扇为蛟龙捧炉，王母装炭，天帝亲手所作。呼风唤雨，超然世间。	11670	100	3	3	-1	-1	-1	-1	-1	-1	-1	-1	-1	-1	-1	-1	-1	-1	-1	-1	-1	-1	-1	18	-1	-1	-1	-1	-1	-1	18	-1	-1	-1	-1	-1	-1	-1	-1	-1	-1	-1	-1	-1	-1	-1	-1	-1	-1	-1	-1	-1	-1	-1	-1	-1	-1	-1	150	-1	150	-1	-1	-1	-1	-1	-1	-1	-1	-1	Fan4_8	武器
10405001	1	4	5	1	0	182	1	-1	-1	青铜环	10	青铜打造的环状武器，坚硬，灵巧。	620	60	3	3	-1	-1	-1	-1	-1	-1	-1	-1	-1	-1	-1	-1	-1	-1	-1	-1	-1	-1	-1	1	-1	-1	-1	-1	-1	-1	1	-1	-1	-1	-1	-1	-1	-1	-1	-1	-1	-1	-1	-1	-1	-1	-1	-1	-1	-1	-1	-1	-1	-1	-1	-1	-1	-1	4	-1	4	-1	-1	-1	-1	-1	-1	-1	-1	-1	Annulus1_2	武器
10405006	1	4	5	6	0	190	1	-1	-1	白金环	20	白金精练所成，光泽尽现，环大，可守可攻。	725	60	3	3	-1	-1	-1	-1	-1	-1	-1	-1	-1	-1	-1	-1	-1	-1	-1	-1	-1	-1	-1	2	-1	-1	-1	-1	-1	-1	2	-1	-1	-1	-1	-1	-1	-1	-1	-1	-1	-1	-1	-1	-1	-1	-1	-1	-1	-1	-1	-1	-1	-1	-1	-1	-1	-1	9	-1	9	-1	-1	-1	-1	-1	-1	-1	-1	-1	Annulus1_10	武器
10405011	1	4	5	11	0	206	1	-1	-1	龙凤环	30	上官金虹所用武器，青白玉，水银沁，表面有玻璃光和色斑，重防守。	880	70	3	3	-1	-1	-1	-1	-1	-1	-1	-1	-1	-1	-1	-1	-1	-1	-1	-1	-1	-1	-1	3	-1	-1	-1	-1	-1	-1	3	-1	-1	-1	-1	-1	-1	-1	-1	-1	-1	-1	-1	-1	-1	-1	-1	-1	-1	-1	-1	-1	-1	-1	-1	-1	-1	-1	18	-1	18	-1	-1	-1	-1	-1	-1	-1	-1	-1	Annulus2_10	武器
10405016	1	4	5	16	0	214	1	-1	-1	栖霞环	40	金银铜铁锡五色金属粹练而成，似彩霞满天，环重如石，需臂力大者才可用。	1080	70	3	3	-1	-1	-1	-1	-1	-1	-1	-1	-1	-1	-1	-1	-1	-1	-1	-1	-1	-1	-1	4	-1	-1	-1	-1	-1	-1	4	-1	-1	-1	-1	-1	-1	-1	-1	-1	-1	-1	-1	-1	-1	-1	-1	-1	-1	-1	-1	-1	-1	-1	-1	-1	-1	-1	28	-1	28	-1	-1	-1	-1	-1	-1	-1	-1	-1	Annulus3_3	武器
10405021	1	4	5	21	0	203	1	-1	-1	寒冰圈	50	深海寒冰与其他金属混合所铸，寒气逼人，一击毙命。	1355	80	3	3	-1	-1	-1	-1	-1	-1	-1	-1	-1	-1	-1	-1	-1	-1	-1	-1	-1	-1	-1	5	-1	-1	-1	-1	-1	-1	5	-1	-1	-1	-1	-1	-1	-1	-1	-1	-1	-1	-1	-1	-1	-1	-1	-1	-1	-1	-1	-1	-1	-1	-1	-1	-1	-1	40	-1	40	-1	-1	-1	-1	-1	-1	-1	-1	-1	Annulus2_7	武器
10405026	1	4	5	26	0	222	2	-1	-1	五行轮	60	由五只环组成，分别代表五行元素，可为布阵之用，相传太乙真人制成。	2195	80	3	3	-1	-1	-1	-1	-1	-1	-1	-1	-1	-1	-1	-1	-1	-1	-1	-1	-1	-1	-1	7	-1	-1	-1	-1	-1	-1	7	-1	-1	-1	-1	-1	-1	-1	-1	-1	-1	-1	-1	-1	-1	-1	-1	-1	-1	-1	-1	-1	-1	-1	-1	-1	-1	-1	57	-1	57	-1	-1	-1	-1	-1	-1	-1	-1	-1	Annulus3_10	武器
10405031	1	4	5	31	0	227	2	-1	-1	太极圈	70	圈身黑白相间，阴阳八卦暗藏其中，生生不息，周而复始。	3525	90	3	3	-1	-1	-1	-1	-1	-1	-1	-1	-1	-1	-1	-1	-1	-1	-1	-1	-1	-1	-1	9	-1	-1	-1	-1	-1	-1	9	-1	-1	-1	-1	-1	-1	-1	-1	-1	-1	-1	-1	-1	-1	-1	-1	-1	-1	-1	-1	-1	-1	-1	-1	-1	-1	-1	78	-1	78	-1	-1	-1	-1	-1	-1	-1	-1	-1	Annulus3_15	武器
10405036	1	4	5	36	0	232	2	-1	-1	锁妖圈	80	据说为天宫秘宝，使用起来可以根据人的力量而威力发生变化，可斩妖除魔。	5460	90	3	3	-1	-1	-1	-1	-1	-1	-1	-1	-1	-1	-1	-1	-1	-1	-1	-1	-1	-1	-1	12	-1	-1	-1	-1	-1	-1	12	-1	-1	-1	-1	-1	-1	-1	-1	-1	-1	-1	-1	-1	-1	-1	-1	-1	-1	-1	-1	-1	-1	-1	-1	-1	-1	-1	100	-1	100	-1	-1	-1	-1	-1	-1	-1	-1	-1	Annulus4_4	武器
10405041	1	4	5	41	0	236	2	-1	-1	水龙吟	90	不知为何材质所造，通体散发幽蓝光芒，如从水中腾空而起的龙身，可与周围其他武器相合微鸣。	8130	100	3	3	-1	-1	-1	-1	-1	-1	-1	-1	-1	-1	-1	-1	-1	-1	-1	-1	-1	-1	-1	15	-1	-1	-1	-1	-1	-1	15	-1	-1	-1	-1	-1	-1	-1	-1	-1	-1	-1	-1	-1	-1	-1	-1	-1	-1	-1	-1	-1	-1	-1	-1	-1	-1	-1	120	-1	120	-1	-1	-1	-1	-1	-1	-1	-1	-1	Annulus4_8	武器
10405046	1	4	5	46	0	239	2	-1	-1	魔环碧落	100	上古留下的神器，铸环所用之碧落神石，系大神盘古开天时遗留下的异质宝物。	11670	100	3	3	-1	-1	-1	-1	-1	-1	-1	-1	-1	-1	-1	-1	-1	-1	-1	-1	-1	-1	-1	18	-1	-1	-1	-1	-1	-1	18	-1	-1	-1	-1	-1	-1	-1	-1	-1	-1	-1	-1	-1	-1	-1	-1	-1	-1	-1	-1	-1	-1	-1	-1	-1	-1	-1	150	-1	150	-1	-1	-1	-1	-1	-1	-1	-1	-1	Annulus4_11	武器
10410001	1	4	10	1	1	110	1	101	4	精纺帽	2	精致的帽子，漂亮之极。	496	60	3	3	-1	-1	-1	-1	-1	-1	-1	-1	-1	-1	-1	-1	-1	-1	-1	-1	-1	-1	-1	-1	-1	-1	1	-1	-1	-1	-1	-1	-1	1	-1	-1	-1	-1	-1	-1	-1	-1	-1	-1	-1	-1	-1	-1	-1	-1	-1	-1	-1	-1	-1	-1	-1	-1	-1	-1	-1	-1	-1	-1	2	-1	2	-1	-1	-1	Hat1_9	帽子
10410006	1	4	10	6	1	114	1	102	4	灵动帽	12	帽身灵巧秀美，有珠帘，风吹动八方。	580	70	3	3	-1	-1	-1	-1	-1	-1	-1	-1	-1	-1	-1	-1	-1	-1	-1	-1	-1	-1	-1	-1	-1	-1	2	-1	-1	-1	-1	-1	-1	2	-1	-1	-1	-1	-1	-1	-1	-1	-1	-1	-1	-1	-1	-1	-1	-1	-1	-1	-1	-1	-1	-1	-1	-1	-1	-1	-1	-1	-1	-1	4	-1	4	-1	-1	-1	Hat1_13	帽子
10410011	1	4	10	11	1	95	1	103	4	屏银帽	22	帽中掺杂屏母山锡银，美轮美奂，可试毒。	704	70	3	3	-1	-1	-1	-1	-1	-1	-1	-1	-1	-1	-1	-1	-1	-1	-1	-1	-1	-1	-1	-1	-1	-1	3	-1	-1	-1	-1	-1	-1	3	-1	-1	-1	-1	-1	-1	-1	-1	-1	-1	-1	-1	-1	-1	-1	-1	-1	-1	-1	-1	-1	-1	-1	-1	-1	-1	-1	-1	-1	-1	7	-1	7	-1	-1	-1	Hat2_14	帽子
10410016	1	4	10	16	1	117	1	104	4	神威帽	32	通体隐泛青光，刻有战神威武象，霸气展露无遗。	864	80	3	3	-1	-1	-1	-1	-1	-1	-1	-1	-1	-1	-1	-1	-1	-1	-1	-1	-1	-1	-1	-1	-1	-1	4	-1	-1	-1	-1	-1	-1	4	-1	-1	-1	-1	-1	-1	-1	-1	-1	-1	-1	-1	-1	-1	-1	-1	-1	-1	-1	-1	-1	-1	-1	-1	-1	-1	-1	-1	-1	-1	10	-1	10	-1	-1	-1	Hat1_6	帽子
10410021	1	4	10	21	1	206	1	105	4	翠羽冠	42	北海翠玉制成的帽冠，晶莹剔透，隐含龙气。	1084	80	3	3	-1	-1	-1	-1	-1	-1	-1	-1	-1	-1	-1	-1	-1	-1	-1	-1	-1	-1	-1	-1	-1	-1	5	-1	-1	-1	-1	-1	-1	5	-1	-1	-1	-1	-1	-1	-1	-1	-1	-1	-1	-1	-1	-1	-1	-1	-1	-1	-1	-1	-1	-1	-1	-1	-1	-1	-1	-1	-1	-1	13	-1	13	-1	-1	-1	Hat1_3	帽子
10410026	1	4	10	26	1	102	1	106	4	九州冠	52	以九州各取异兽之皮以及宝石精制而成，有至寒至热至旱至潮之气。	1756	80	3	3	-1	-1	-1	-1	-1	-1	-1	-1	-1	-1	-1	-1	-1	-1	-1	-1	-1	-1	-1	-1	-1	-1	6	-1	-1	-1	-1	-1	-1	6	-1	-1	-1	-1	-1	-1	-1	-1	-1	-1	-1	-1	-1	-1	-1	-1	-1	-1	-1	-1	-1	-1	-1	-1	-1	-1	-1	-1	-1	-1	17	-1	17	-1	-1	-1	Hat2_9	帽子
10410031	1	4	10	31	1	114	2	107	4	不灭冠	81	据说为太上老君用三味真火烧制九九八十一天所成，仙力环绕，可抵千军。	6504	90	3	3	-1	-1	-1	-1	-1	-1	-1	-1	-1	-1	-1	-1	-1	-1	-1	-1	-1	-1	-1	-1	-1	-1	7	-1	-1	-1	-1	-1	-1	7	-1	-1	-1	-1	-1	-1	-1	-1	-1	-1	-1	-1	-1	-1	-1	-1	-1	-1	-1	-1	-1	-1	-1	-1	-1	-1	-1	-1	-1	-1	29	-1	29	-1	-1	-1	Hat1_13	帽子
10410036	1	4	10	36	1	117	2	108	4	龙睛帽	86	通体一色，上镶北斗夜明珠，犹如龙珠，火眼金睛，神力护体。	6504	90	3	3	-1	-1	-1	-1	-1	-1	-1	-1	-1	-1	-1	-1	-1	-1	-1	-1	-1	-1	-1	-1	-1	-1	8	-1	-1	-1	-1	-1	-1	8	-1	-1	-1	-1	-1	-1	-1	-1	-1	-1	-1	-1	-1	-1	-1	-1	-1	-1	-1	-1	-1	-1	-1	-1	-1	-1	-1	-1	-1	-1	31	-1	31	-1	-1	-1	Hat2_13	帽子
10410041	1	4	10	41	1	111	2	109	4	涅磐	91	犹如凤凰涅磐，制之死地而后生，天人合一，无界无我。	9336	100	3	3	-1	-1	-1	-1	-1	-1	-1	-1	-1	-1	-1	-1	-1	-1	-1	-1	-1	-1	-1	-1	-1	-1	9	-1	-1	-1	-1	-1	-1	9	-1	-1	-1	-1	-1	-1	-1	-1	-1	-1	-1	-1	-1	-1	-1	-1	-1	-1	-1	-1	-1	-1	-1	-1	-1	-1	-1	-1	-1	-1	34	-1	34	-1	-1	-1	Hat1_8	帽子
10410046	1	4	10	46	1	100	2	110	4	天尊魔巾	96	上古神物，表面平淡无奇，但吸收天地之精华，内有乾坤，王者的象征。	9336	100	3	3	-1	-1	-1	-1	-1	-1	-1	-1	-1	-1	-1	-1	-1	-1	-1	-1	-1	-1	-1	-1	-1	-1	10	-1	-1	-1	-1	-1	-1	10	-1	-1	-1	-1	-1	-1	-1	-1	-1	-1	-1	-1	-1	-1	-1	-1	-1	-1	-1	-1	-1	-1	-1	-1	-1	-1	-1	-1	-1	-1	37	-1	37	-1	-1	-1	Hat1_14	帽子
10411001	1	4	11	1	4	155	1	101	4	精纺鞋	4	精致的鞋子，漂亮之极。	596	60	3	3	-1	-1	-1	-1	-1	-1	-1	-1	-1	-1	-1	-1	-1	-1	-1	-1	-1	-1	-1	-1	-1	-1	1	-1	-1	-1	-1	-1	-1	1	-1	-1	-1	-1	-1	-1	-1	-1	-1	-1	-1	-1	-1	-1	-1	-1	-1	-1	-1	-1	-1	-1	-1	-1	-1	-1	-1	-1	-1	-1	2	-1	2	-1	-1	-1	Hat1_7	鞋子
10411006	1	4	11	6	4	162	1	102	4	灵动鞋	14	灵巧秀美，轻便速捷。	880	70	3	3	-1	-1	-1	-1	-1	-1	-1	-1	-1	-1	-1	-1	-1	-1	-1	-1	-1	-1	-1	-1	-1	-1	2	-1	-1	-1	-1	-1	-1	2	-1	-1	-1	-1	-1	-1	-1	-1	-1	-1	-1	-1	-1	-1	-1	-1	-1	-1	-1	-1	-1	-1	-1	-1	-1	-1	-1	-1	-1	-1	5	-1	5	-1	-1	-1	Shoes1_2	鞋子
10411011	1	4	11	11	4	167	1	103	4	屏银鞋	24	鞋中掺杂屏母山锡银，美轮美奂，遇毒可变色。	1204	70	3	3	-1	-1	-1	-1	-1	-1	-1	-1	-1	-1	-1	-1	-1	-1	-1	-1	-1	-1	-1	-1	-1	-1	3	-1	-1	-1	-1	-1	-1	3	-1	-1	-1	-1	-1	-1	-1	-1	-1	-1	-1	-1	-1	-1	-1	-1	-1	-1	-1	-1	-1	-1	-1	-1	-1	-1	-1	-1	-1	-1	8	-1	8	-1	-1	-1	Shoes1_6	鞋子
10411016	1	4	11	16	4	171	1	104	4	神威鞋	34	通体隐泛青光，刻有战神威武象，霸气展露无遗。	1564	80	3	3	-1	-1	-1	-1	-1	-1	-1	-1	-1	-1	-1	-1	-1	-1	-1	-1	-1	-1	-1	-1	-1	-1	4	-1	-1	-1	-1	-1	-1	4	-1	-1	-1	-1	-1	-1	-1	-1	-1	-1	-1	-1	-1	-1	-1	-1	-1	-1	-1	-1	-1	-1	-1	-1	-1	-1	-1	-1	-1	-1	10	-1	10	-1	-1	-1	Shoes1_16	鞋子
10411021	1	4	11	21	4	174	1	105	4	翠羽鞋	44	嵌有北海翠玉的鞋子，晶莹剔透，隐含龙气。	1984	80	3	3	-1	-1	-1	-1	-1	-1	-1	-1	-1	-1	-1	-1	-1	-1	-1	-1	-1	-1	-1	-1	-1	-1	5	-1	-1	-1	-1	-1	-1	5	-1	-1	-1	-1	-1	-1	-1	-1	-1	-1	-1	-1	-1	-1	-1	-1	-1	-1	-1	-1	-1	-1	-1	-1	-1	-1	-1	-1	-1	-1	14	-1	14	-1	-1	-1	Shoes1_3	鞋子
10411026	1	4	11	26	4	153	1	106	4	九州鞋	54	以九州各取异兽之皮以及宝石精制而成，有至寒至热至旱至潮之气。	2856	80	3	3	-1	-1	-1	-1	-1	-1	-1	-1	-1	-1	-1	-1	-1	-1	-1	-1	-1	-1	-1	-1	-1	-1	6	-1	-1	-1	-1	-1	-1	6	-1	-1	-1	-1	-1	-1	-1	-1	-1	-1	-1	-1	-1	-1	-1	-1	-1	-1	-1	-1	-1	-1	-1	-1	-1	-1	-1	-1	-1	-1	18	-1	18	-1	-1	-1	Shoes1_11	鞋子
10411031	1	4	11	31	4	168	2	107	4	不灭鞋	86	据说为太上老君用三味真火烧制九九八十一天所成，仙力环绕，可抵千军。	7804	90	3	3	-1	-1	-1	-1	-1	-1	-1	-1	-1	-1	-1	-1	-1	-1	-1	-1	-1	-1	-1	-1	-1	-1	7	-1	-1	-1	-1	-1	-1	7	-1	-1	-1	-1	-1	-1	-1	-1	-1	-1	-1	-1	-1	-1	-1	-1	-1	-1	-1	-1	-1	-1	-1	-1	-1	-1	-1	-1	-1	-1	30	-1	30	-1	-1	-1	Shoes1_5	鞋子
10411036	1	4	11	36	4	177	2	108	4	龙睛鞋	87	通体一色，上镶北斗夜明珠，犹如龙珠，火眼金睛，神力护体。	8004	90	3	3	-1	-1	-1	-1	-1	-1	-1	-1	-1	-1	-1	-1	-1	-1	-1	-1	-1	-1	-1	-1	-1	-1	8	-1	-1	-1	-1	-1	-1	8	-1	-1	-1	-1	-1	-1	-1	-1	-1	-1	-1	-1	-1	-1	-1	-1	-1	-1	-1	-1	-1	-1	-1	-1	-1	-1	-1	-1	-1	-1	32	-1	32	-1	-1	-1	Shoes2_6	鞋子
10411041	1	4	11	41	4	179	2	109	4	涅磐	92	犹如凤凰涅磐，制之死地而后生，天人合一，无界无我。	11036	100	3	3	-1	-1	-1	-1	-1	-1	-1	-1	-1	-1	-1	-1	-1	-1	-1	-1	-1	-1	-1	-1	-1	-1	9	-1	-1	-1	-1	-1	-1	9	-1	-1	-1	-1	-1	-1	-1	-1	-1	-1	-1	-1	-1	-1	-1	-1	-1	-1	-1	-1	-1	-1	-1	-1	-1	-1	-1	-1	-1	-1	35	-1	35	-1	-1	-1	Shoes2_10	鞋子
10411046	1	4	11	46	4	180	2	110	4	天尊魔鞋	97	上古神物，表面平淡无奇，但吸收天地之精华，内有乾坤，王者的象征。	11236	100	3	3	-1	-1	-1	-1	-1	-1	-1	-1	-1	-1	-1	-1	-1	-1	-1	-1	-1	-1	-1	-1	-1	-1	10	-1	-1	-1	-1	-1	-1	10	-1	-1	-1	-1	-1	-1	-1	-1	-1	-1	-1	-1	-1	-1	-1	-1	-1	-1	-1	-1	-1	-1	-1	-1	-1	-1	-1	-1	-1	-1	37	-1	37	-1	-1	-1	Shoes2_9	鞋子
10412001	1	4	12	1	3	63	1	101	4	精纺护腕	6	精致的护碗，漂亮之极。	620	60	3	3	-1	-1	-1	-1	-1	-1	-1	-1	-1	-1	-1	-1	-1	-1	-1	-1	-1	-1	-1	-1	-1	-1	1	-1	-1	-1	-1	-1	-1	1	-1	-1	-1	-1	-1	-1	-1	-1	-1	-1	-1	-1	-1	-1	-1	-1	-1	-1	-1	-1	-1	-1	-1	-1	-1	-1	-1	-1	-1	-1	2	-1	2	-1	-1	-1	Cuff1_2	护腕
10412006	1	4	12	6	3	68	1	102	4	灵动护腕	16	灵巧秀美，轻便可爱。	725	70	3	3	-1	-1	-1	-1	-1	-1	-1	-1	-1	-1	-1	-1	-1	-1	-1	-1	-1	-1	-1	-1	-1	-1	2	-1	-1	-1	-1	-1	-1	2	-1	-1	-1	-1	-1	-1	-1	-1	-1	-1	-1	-1	-1	-1	-1	-1	-1	-1	-1	-1	-1	-1	-1	-1	-1	-1	-1	-1	-1	-1	5	-1	5	-1	-1	-1	Cuff1_8	护腕
10412011	1	4	12	11	3	77	1	103	4	屏银护腕	26	护腕中掺杂屏母山锡银，美轮美奂，遇毒可变色。	880	70	3	3	-1	-1	-1	-1	-1	-1	-1	-1	-1	-1	-1	-1	-1	-1	-1	-1	-1	-1	-1	-1	-1	-1	3	-1	-1	-1	-1	-1	-1	3	-1	-1	-1	-1	-1	-1	-1	-1	-1	-1	-1	-1	-1	-1	-1	-1	-1	-1	-1	-1	-1	-1	-1	-1	-1	-1	-1	-1	-1	-1	8	-1	8	-1	-1	-1	Cuff1_10	护腕
10412016	1	4	12	16	3	79	1	104	4	神威护腕	36	通体隐泛青光，刻有战神威武象，霸气展露无遗。	1080	80	3	3	-1	-1	-1	-1	-1	-1	-1	-1	-1	-1	-1	-1	-1	-1	-1	-1	-1	-1	-1	-1	-1	-1	4	-1	-1	-1	-1	-1	-1	4	-1	-1	-1	-1	-1	-1	-1	-1	-1	-1	-1	-1	-1	-1	-1	-1	-1	-1	-1	-1	-1	-1	-1	-1	-1	-1	-1	-1	-1	-1	11	-1	11	-1	-1	-1	Cuff2_5	护腕
10412021	1	4	12	21	3	80	1	105	-1	翠羽护腕	46	北海翠玉制成的护腕，晶莹剔透，隐含龙气。	1355	80	3	3	-1	-1	-1	-1	-1	-1	-1	-1	-1	-1	-1	-1	-1	-1	-1	-1	-1	-1	-1	-1	-1	-1	5	-1	-1	-1	-1	-1	-1	5	-1	-1	-1	-1	-1	-1	-1	-1	-1	-1	-1	-1	-1	-1	-1	-1	-1	-1	-1	-1	-1	-1	-1	-1	-1	-1	-1	-1	-1	-1	14	-1	14	-1	-1	-1	Cuff1_5	护腕
10412026	1	4	12	26	3	86	1	106	-1	九州护腕	56	以九州各取异兽之皮以及宝石精制而成，有至寒至热至旱至潮之气。	1355	80	3	3	-1	-1	-1	-1	-1	-1	-1	-1	-1	-1	-1	-1	-1	-1	-1	-1	-1	-1	-1	-1	-1	-1	6	-1	-1	-1	-1	-1	-1	6	-1	-1	-1	-1	-1	-1	-1	-1	-1	-1	-1	-1	-1	-1	-1	-1	-1	-1	-1	-1	-1	-1	-1	-1	-1	-1	-1	-1	-1	-1	18	-1	18	-1	-1	-1	Cuff2_3	护腕
10412031	1	4	12	31	3	82	2	107	-1	不灭护腕	83	据说为太上老君用三味真火烧制九九八十一天所成，仙力环绕，可抵千军。	8130	90	3	3	-1	-1	-1	-1	-1	-1	-1	-1	-1	-1	-1	-1	-1	-1	-1	-1	-1	-1	-1	-1	-1	-1	7	-1	-1	-1	-1	-1	-1	7	-1	-1	-1	-1	-1	-1	-1	-1	-1	-1	-1	-1	-1	-1	-1	-1	-1	-1	-1	-1	-1	-1	-1	-1	-1	-1	-1	-1	-1	-1	30	-1	30	-1	-1	-1	Cuff2_7	护腕
10412036	1	4	12	36	3	85	2	108	-1	龙睛护腕	88	通体一色，上镶北斗夜明珠，犹如龙珠，火眼金睛，神力护体。	8130	90	3	3	-1	-1	-1	-1	-1	-1	-1	-1	-1	-1	-1	-1	-1	-1	-1	-1	-1	-1	-1	-1	-1	-1	8	-1	-1	-1	-1	-1	-1	8	-1	-1	-1	-1	-1	-1	-1	-1	-1	-1	-1	-1	-1	-1	-1	-1	-1	-1	-1	-1	-1	-1	-1	-1	-1	-1	-1	-1	-1	-1	32	-1	32	-1	-1	-1	Cuff2_12	护腕
10412041	1	4	12	41	3	87	2	109	-1	涅磐	93	犹如凤凰涅磐，制之死地而后生，天人合一，无界无我。	11670	100	3	3	-1	-1	-1	-1	-1	-1	-1	-1	-1	-1	-1	-1	-1	-1	-1	-1	-1	-1	-1	-1	-1	-1	9	-1	-1	-1	-1	-1	-1	9	-1	-1	-1	-1	-1	-1	-1	-1	-1	-1	-1	-1	-1	-1	-1	-1	-1	-1	-1	-1	-1	-1	-1	-1	-1	-1	-1	-1	-1	-1	36	-1	36	-1	-1	-1	Cuff1_13	护腕
10412046	1	4	12	46	3	90	2	110	4	天尊魔腕	98	上古神物，表面平淡无奇，但吸收天地之精华，内有乾坤，王者的象征。	11670	100	3	3	-1	-1	-1	-1	-1	-1	-1	-1	-1	-1	-1	-1	-1	-1	-1	-1	-1	-1	-1	-1	-1	-1	10	-1	-1	-1	-1	-1	-1	10	-1	-1	-1	-1	-1	-1	-1	-1	-1	-1	-1	-1	-1	-1	-1	-1	-1	-1	-1	-1	-1	-1	-1	-1	-1	-1	-1	-1	-1	-1	38	-1	38	-1	-1	-1	Cuff2_6	护腕
10413001	1	4	13	1	2	1	1	101	4	精纺衣	8	精致的衣服，漂亮之极。	720	60	3	3	-1	-1	-1	-1	-1	-1	-1	-1	-1	-1	-1	-1	-1	-1	-1	-1	-1	-1	-1	-1	-1	-1	1	-1	-1	-1	-1	-1	-1	1	-1	-1	-1	-1	-1	-1	-1	-1	-1	-1	-1	-1	-1	-1	-1	-1	-1	-1	-1	-1	-1	-1	-1	-1	-1	-1	-1	-1	-1	-1	2	-1	2	-1	-1	-1	Cloth1_14	衣服
10413006	1	4	13	6	2	6	1	102	4	灵动衣	18	灵巧秀美，轻便可爱。	1025	70	3	3	-1	-1	-1	-1	-1	-1	-1	-1	-1	-1	-1	-1	-1	-1	-1	-1	-1	-1	-1	-1	-1	-1	2	-1	-1	-1	-1	-1	-1	2	-1	-1	-1	-1	-1	-1	-1	-1	-1	-1	-1	-1	-1	-1	-1	-1	-1	-1	-1	-1	-1	-1	-1	-1	-1	-1	-1	-1	-1	-1	6	-1	6	-1	-1	-1	Cloth1_11	衣服
10413011	1	4	13	11	2	14	1	103	4	屏银衣	28	衣服中掺杂屏母山锡银，美轮美奂，遇毒可变色。	1380	70	3	3	-1	-1	-1	-1	-1	-1	-1	-1	-1	-1	-1	-1	-1	-1	-1	-1	-1	-1	-1	-1	-1	-1	3	-1	-1	-1	-1	-1	-1	3	-1	-1	-1	-1	-1	-1	-1	-1	-1	-1	-1	-1	-1	-1	-1	-1	-1	-1	-1	-1	-1	-1	-1	-1	-1	-1	-1	-1	-1	-1	8	-1	8	-1	-1	-1	Cloth1_2	衣服
10413016	1	4	13	16	2	26	1	104	4	神威衣	38	通体隐泛青光，刻有战神威武象，霸气展露无遗。	1780	80	3	3	-1	-1	-1	-1	-1	-1	-1	-1	-1	-1	-1	-1	-1	-1	-1	-1	-1	-1	-1	-1	-1	-1	4	-1	-1	-1	-1	-1	-1	4	-1	-1	-1	-1	-1	-1	-1	-1	-1	-1	-1	-1	-1	-1	-1	-1	-1	-1	-1	-1	-1	-1	-1	-1	-1	-1	-1	-1	-1	-1	12	-1	12	-1	-1	-1	Cloth2_9	衣服
10413021	1	4	13	21	2	11	1	105	4	翠羽衣	48	嵌有北海翠玉的衣服，晶莹剔透，隐含龙气。	2255	80	3	3	-1	-1	-1	-1	-1	-1	-1	-1	-1	-1	-1	-1	-1	-1	-1	-1	-1	-1	-1	-1	-1	-1	5	-1	-1	-1	-1	-1	-1	5	-1	-1	-1	-1	-1	-1	-1	-1	-1	-1	-1	-1	-1	-1	-1	-1	-1	-1	-1	-1	-1	-1	-1	-1	-1	-1	-1	-1	-1	-1	14	-1	14	-1	-1	-1	Cloth1_5	衣服
10413026	1	4	13	26	2	13	1	106	4	九州衣	58	以九州各取异兽之皮以及宝石精制而成，有至寒至热至旱至潮之气。	2455	80	3	3	-1	-1	-1	-1	-1	-1	-1	-1	-1	-1	-1	-1	-1	-1	-1	-1	-1	-1	-1	-1	-1	-1	6	-1	-1	-1	-1	-1	-1	6	-1	-1	-1	-1	-1	-1	-1	-1	-1	-1	-1	-1	-1	-1	-1	-1	-1	-1	-1	-1	-1	-1	-1	-1	-1	-1	-1	-1	-1	-1	19	-1	19	-1	-1	-1	Cloth1_4	衣服
10413031	1	4	13	31	2	8	2	107	4	不灭衣	84	据说为太上老君用三味真火烧制九九八十一天所成，仙力环绕，可抵千军。	9430	90	3	3	-1	-1	-1	-1	-1	-1	-1	-1	-1	-1	-1	-1	-1	-1	-1	-1	-1	-1	-1	-1	-1	-1	7	-1	-1	-1	-1	-1	-1	7	-1	-1	-1	-1	-1	-1	-1	-1	-1	-1	-1	-1	-1	-1	-1	-1	-1	-1	-1	-1	-1	-1	-1	-1	-1	-1	-1	-1	-1	-1	31	-1	31	-1	-1	-1	Cloth1_10	衣服
10413036	1	4	13	36	2	28	2	108	4	龙睛衣	89	通体一色，上镶北斗夜明珠，犹如龙珠，火眼金睛，神力护体。	9630	90	3	3	-1	-1	-1	-1	-1	-1	-1	-1	-1	-1	-1	-1	-1	-1	-1	-1	-1	-1	-1	-1	-1	-1	8	-1	-1	-1	-1	-1	-1	8	-1	-1	-1	-1	-1	-1	-1	-1	-1	-1	-1	-1	-1	-1	-1	-1	-1	-1	-1	-1	-1	-1	-1	-1	-1	-1	-1	-1	-1	-1	33	-1	33	-1	-1	-1	Cloth2_10	衣服
10413041	1	4	13	41	2	7	2	109	4	涅磐	94	犹如凤凰涅磐，制之死地而后生，天人合一，无界无我。	13370	100	3	3	-1	-1	-1	-1	-1	-1	-1	-1	-1	-1	-1	-1	-1	-1	-1	-1	-1	-1	-1	-1	-1	-1	9	-1	-1	-1	-1	-1	-1	9	-1	-1	-1	-1	-1	-1	-1	-1	-1	-1	-1	-1	-1	-1	-1	-1	-1	-1	-1	-1	-1	-1	-1	-1	-1	-1	-1	-1	-1	-1	36	-1	36	-1	-1	-1	Cloth1_9	衣服
10413046	1	4	13	46	2	12	2	110	4	天尊魔衣	99	上古神物，表面平淡无奇，但吸收天地之精华，内有乾坤，王者的象征。	13570	100	3	3	-1	-1	-1	-1	-1	-1	-1	-1	-1	-1	-1	-1	-1	-1	-1	-1	-1	-1	-1	-1	-1	-1	10	-1	-1	-1	-1	-1	-1	10	-1	-1	-1	-1	-1	-1	-1	-1	-1	-1	-1	-1	-1	-1	-1	-1	-1	-1	-1	-1	-1	-1	-1	-1	-1	-1	-1	-1	-1	-1	39	-1	39	-1	-1	-1	Cloth2_16	衣服
10420001	1	4	20	1	7	-1	1	-1	-1	百花链	8	取四季百花精制而成，芳香扑鼻。	620	60	3	0	-1	-1	-1	-1	-1	-1	-1	-1	-1	-1	-1	-1	-1	-1	-1	-1	-1	-1	-1	-1	-1	-1	-1	-1	-1	-1	-1	-1	-1	-1	-1	-1	-1	-1	-1	-1	-1	-1	-1	-1	-1	-1	-1	-1	-1	1	-1	-1	-1	-1	-1	-1	-1	-1	-1	-1	-1	-1	-1	-1	-1	-1	-1	-1	1	-1	Necklace_1	项链
10420006	1	4	20	6	7	-1	1	-1	-1	松石结	18	蔚蓝色的绿松石项链，有感知“心轮”的能力。	725	60	3	0	-1	-1	-1	-1	-1	-1	-1	-1	-1	-1	-1	-1	-1	-1	-1	-1	-1	-1	-1	-1	-1	-1	-1	-1	-1	-1	-1	-1	-1	-1	-1	-1	-1	-1	-1	-1	-1	-1	-1	-1	-1	-1	-1	-1	2	-1	-1	-1	-1	-1	-1	-1	-1	-1	-1	-1	-1	-1	-1	-1	-1	-1	-1	-1	2	-1	Necklace_2	项链
10420011	1	4	20	11	7	-1	1	-1	-1	玛瑙护符	28	通体深红色，有同心圆花纹，波斯进贡之物，有安神功效。	880	70	3	0	-1	-1	-1	-1	-1	-1	-1	-1	-1	-1	-1	-1	-1	-1	-1	-1	-1	-1	-1	-1	-1	-1	-1	-1	-1	-1	-1	-1	-1	-1	-1	-1	-1	-1	-1	-1	-1	-1	-1	-1	-1	-1	-1	3	-1	-1	-1	-1	-1	-1	-1	-1	-1	-1	-1	-1	-1	-1	-1	-1	-1	-1	-1	-1	3	-1	Necklace_3	项链
10420016	1	4	20	16	7	-1	1	-1	-1	蓝牙束	38	以蓝玉制成的项链，上有牙刺，与肌肤接触，有冰凉感。	1080	70	3	0	-1	-1	-1	-1	-1	-1	-1	-1	-1	-1	-1	-1	-1	-1	-1	-1	-1	-1	-1	-1	-1	-1	-1	-1	-1	-1	-1	-1	-1	-1	-1	-1	-1	-1	-1	-1	-1	-1	-1	-1	-1	-1	4	-1	-1	-1	-1	-1	-1	-1	-1	-1	-1	-1	-1	-1	-1	-1	-1	-1	-1	-1	-1	-1	4	-1	Necklace_4	项链
10420021	1	4	20	21	7	-1	1	-1	-1	暖晶项链	48	金色晶石散发着洋洋的暖意，玲珑剔透，魅力无穷。	1355	80	3	0	-1	-1	-1	-1	-1	-1	-1	-1	-1	-1	-1	-1	-1	-1	-1	-1	-1	-1	-1	-1	-1	-1	-1	-1	-1	-1	-1	-1	-1	-1	-1	-1	-1	-1	-1	-1	-1	-1	-1	-1	-1	-1	-1	-1	-1	-1	5	-1	-1	-1	-1	-1	-1	-1	-1	-1	-1	-1	-1	-1	-1	-1	-1	-1	5	-1	Necklace_5	项链
10420026	1	4	20	26	7	-1	2	-1	-1	金丝束	58	链身用极细的金丝环绕而成，中间嵌有东海明珠，据传为龙女饰物。	2195	80	3	0	-1	-1	-1	-1	-1	-1	-1	6	-1	-1	-1	-1	-1	-1	-1	-1	-1	-1	-1	-1	-1	-1	-1	-1	-1	-1	-1	-1	-1	-1	-1	-1	-1	-1	-1	-1	-1	-1	-1	-1	-1	-1	-1	-1	-1	-1	-1	-1	-1	-1	-1	-1	-1	-1	-1	-1	-1	-1	-1	-1	-1	-1	-1	-1	6	-1	Necklace_6	项链
10420031	1	4	20	31	7	-1	2	-1	-1	龙涎滴	68	茫茫大海上，月明的夜晚，潜于渊底的龙吸收海雾与日月的精华，涎沫吐出凝结而成。	3525	90	3	0	-1	-1	-1	-1	-1	-1	-1	-1	-1	-1	7	-1	-1	-1	-1	-1	-1	-1	-1	-1	-1	-1	-1	-1	-1	-1	-1	-1	-1	-1	-1	-1	-1	-1	-1	-1	-1	-1	-1	-1	-1	-1	-1	-1	-1	-1	-1	-1	-1	-1	-1	-1	-1	-1	-1	-1	-1	-1	-1	-1	-1	-1	-1	-1	7	-1	Necklace_7	项链
10420036	1	4	20	36	7	-1	2	-1	-1	雨霖铃	78	金铜穿丝，悬一五角金铃，遇有杀气，铃声阵阵，不绝于耳。	5460	90	3	0	-1	-1	-1	-1	-1	-1	-1	-1	-1	-1	-1	-1	-1	8	-1	-1	-1	-1	-1	-1	-1	-1	-1	-1	-1	-1	-1	-1	-1	-1	-1	-1	-1	-1	-1	-1	-1	-1	-1	-1	-1	-1	-1	-1	-1	-1	-1	-1	-1	-1	-1	-1	-1	-1	-1	-1	-1	-1	-1	-1	-1	-1	-1	-1	8	-1	Necklace_8	项链
10420041	1	4	20	41	7	-1	2	-1	-1	封魂	88	不知为何物质所造，造型奇特，据闻可以斩妖除魔，收鬼封魂。	8130	100	3	0	-1	-1	-1	-1	-1	-1	-1	-1	-1	-1	-1	-1	-1	-1	-1	-1	9	-1	-1	-1	-1	-1	-1	-1	-1	-1	-1	-1	-1	-1	-1	-1	-1	-1	-1	-1	-1	-1	-1	-1	-1	-1	-1	-1	-1	-1	-1	-1	-1	-1	-1	-1	-1	-1	-1	-1	-1	-1	-1	-1	-1	-1	-1	-1	9	-1	Necklace_9	项链
10420046	1	4	20	46	7	-1	2	-1	-1	蝶舞	98	传说中九天仙女所佩之物，精美绝伦，似蝴蝶蹁跹，隐含神力。	11670	100	3	0	-1	-1	-1	-1	-1	-1	-1	-1	-1	-1	-1	-1	-1	-1	-1	-1	-1	-1	-1	-1	-1	-1	-1	-1	-1	-1	-1	-1	-1	-1	-1	-1	-1	-1	-1	5	3	1	-1	-1	-1	-1	-1	-1	-1	-1	-1	-1	-1	-1	-1	-1	-1	-1	-1	-1	-1	-1	-1	-1	-1	-1	-1	-1	10	-1	Necklace_10	项链
10421001	1	4	21	1	5	-1	1	-1	-1	樱花腰带	2	普通粗布腰带，上面绘有樱花漫天。	496	60	3	0	-1	-1	-1	-1	-1	-1	-1	-1	-1	-1	-1	-1	-1	-1	-1	-1	-1	-1	-1	-1	-1	-1	-1	-1	-1	-1	-1	-1	-1	-1	-1	-1	-1	-1	-1	-1	-1	-1	-1	-1	-1	-1	-1	-1	-1	1	-1	-1	-1	-1	-1	-1	-1	-1	-1	-1	-1	-1	-1	-1	-1	-1	-1	-1	1	-1	Girdle_1	腰带
10421006	1	4	21	6	5	-1	1	-1	-1	吉祥腰带	12	普通染布制成的宽腰带，取大吉大利，逢凶化吉之意。。	580	60	3	0	-1	-1	-1	-1	-1	-1	-1	-1	-1	-1	-1	-1	-1	-1	-1	-1	-1	-1	-1	-1	-1	-1	-1	-1	-1	-1	-1	-1	-1	-1	-1	-1	-1	-1	-1	-1	-1	-1	-1	-1	-1	-1	-1	-1	2	-1	-1	-1	-1	-1	-1	-1	-1	-1	-1	-1	-1	-1	-1	-1	-1	-1	-1	-1	2	-1	Girdle_2	腰带
10421011	1	4	21	11	5	-1	1	-1	-1	苍蟒腰带	22	用巨蟒的皮制成的腰带，能起到不错的防御作用。	704	70	3	0	-1	-1	-1	-1	-1	-1	-1	-1	-1	-1	-1	-1	-1	-1	-1	-1	-1	-1	-1	-1	-1	-1	-1	-1	-1	-1	-1	-1	-1	-1	-1	-1	-1	-1	-1	-1	-1	-1	-1	-1	-1	-1	-1	3	-1	-1	-1	-1	-1	-1	-1	-1	-1	-1	-1	-1	-1	-1	-1	-1	-1	-1	-1	-1	3	-1	Girdle_3	腰带
10421016	1	4	21	16	5	-1	1	-1	-1	云瑶箍环	32	上嵌云瑶仙子的七彩明珠，珍贵异常。	864	70	3	0	-1	-1	-1	-1	-1	-1	-1	-1	-1	-1	-1	-1	-1	-1	-1	-1	-1	-1	-1	-1	-1	-1	-1	-1	-1	-1	-1	-1	-1	-1	-1	-1	-1	-1	-1	-1	-1	-1	-1	-1	-1	-1	4	-1	-1	-1	-1	-1	-1	-1	-1	-1	-1	-1	-1	-1	-1	-1	-1	-1	-1	-1	-1	-1	4	-1	Girdle_4	腰带
10421021	1	4	21	21	5	-1	1	-1	-1	惊雷环带	42	腰带厚重坚固，传为雷神所造，因此得名。	1084	80	3	0	-1	-1	-1	-1	-1	-1	-1	-1	-1	-1	-1	-1	-1	-1	-1	-1	-1	-1	-1	-1	-1	-1	-1	-1	-1	-1	-1	-1	-1	-1	-1	-1	-1	-1	-1	-1	-1	-1	-1	-1	-1	-1	-1	-1	-1	-1	5	-1	-1	-1	-1	-1	-1	-1	-1	-1	-1	-1	-1	-1	-1	-1	-1	-1	5	-1	Girdle_5	腰带
10421026	1	4	21	26	5	-1	2	-1	-1	叹云箍环	52	红色软钢精致而成，配有双云流苏，危险时刻可作为武器使用。	1756	80	3	0	-1	-1	-1	-1	-1	-1	-1	6	-1	-1	-1	-1	-1	-1	-1	-1	-1	-1	-1	-1	-1	-1	-1	-1	-1	-1	-1	-1	-1	-1	-1	-1	-1	-1	-1	-1	-1	-1	-1	-1	-1	-1	-1	-1	-1	-1	-1	-1	-1	-1	-1	-1	-1	-1	-1	-1	-1	-1	-1	-1	-1	-1	-1	-1	6	-1	Girdle_6	腰带
10421031	1	4	21	31	5	-1	2	-1	-1	彩矶带	62	神秘彩矶石制成，有强大的护佑作用。	2820	90	3	0	-1	-1	-1	-1	-1	-1	-1	-1	-1	-1	7	-1	-1	-1	-1	-1	-1	-1	-1	-1	-1	-1	-1	-1	-1	-1	-1	-1	-1	-1	-1	-1	-1	-1	-1	-1	-1	-1	-1	-1	-1	-1	-1	-1	-1	-1	-1	-1	-1	-1	-1	-1	-1	-1	-1	-1	-1	-1	-1	-1	-1	-1	-1	-1	7	-1	Girdle_7	腰带
10421036	1	4	21	36	5	-1	2	-1	-1	八卦腰环	72	暗藏八卦玄机的腰带，能起到极强的防御作用。	4368	90	3	0	-1	-1	-1	-1	-1	-1	-1	-1	-1	-1	-1	-1	-1	8	-1	-1	-1	-1	-1	-1	-1	-1	-1	-1	-1	-1	-1	-1	-1	-1	-1	-1	-1	-1	-1	-1	-1	-1	-1	-1	-1	-1	-1	-1	-1	-1	-1	-1	-1	-1	-1	-1	-1	-1	-1	-1	-1	-1	-1	-1	-1	-1	-1	-1	8	-1	Girdle_8	腰带
10421041	1	4	21	41	5	-1	2	-1	-1	折天	82	传为不周山之环山彩霞掉落西天生成环带两条，一曰折天，一曰紫霞。	6504	100	3	0	-1	-1	-1	-1	-1	-1	-1	-1	-1	-1	-1	-1	-1	-1	-1	-1	9	-1	-1	-1	-1	-1	-1	-1	-1	-1	-1	-1	-1	-1	-1	-1	-1	-1	-1	-1	-1	-1	-1	-1	-1	-1	-1	-1	-1	-1	-1	-1	-1	-1	-1	-1	-1	-1	-1	-1	-1	-1	-1	-1	-1	-1	-1	-1	9	-1	Girdle_9	腰带
10421046	1	4	21	46	5	-1	2	-1	-1	霸州	92	上古流传下来的神物，据说曾为伯九所用，千古流传，吸收天地精华，神力非常。	9336	100	3	0	-1	-1	-1	-1	-1	-1	-1	-1	-1	-1	-1	-1	-1	-1	-1	-1	-1	-1	-1	-1	-1	-1	-1	-1	-1	-1	-1	-1	-1	-1	-1	-1	-1	-1	-1	-1	5	1	-1	-1	-1	-1	-1	-1	-1	-1	-1	-1	-1	-1	-1	-1	-1	-1	-1	-1	-1	-1	-1	-1	-1	-1	-1	-1	10	-1	Girdle_10	腰带
10422001	1	4	22	1	6	-1	1	-1	-1	银戒指	5	纯银打造，质软，银光闪闪。	596	60	3	0	-1	-1	-1	-1	-1	-1	-1	-1	-1	-1	-1	-1	-1	-1	-1	-1	-1	-1	-1	-1	-1	-1	-1	-1	-1	-1	-1	-1	-1	-1	-1	-1	-1	-1	-1	-1	-1	-1	-1	-1	-1	-1	-1	-1	-1	1	-1	-1	-1	-1	-1	-1	-1	-1	-1	-1	-1	-1	-1	-1	-1	-1	-1	-1	1	-1	Ring_2	戒指
10422006	1	4	22	6	6	-1	1	-1	-1	翡翠扳指	15	天然翡翠所造，黄绿相间，古色古香。	880	60	3	0	-1	-1	-1	-1	-1	-1	-1	-1	-1	-1	-1	-1	-1	-1	-1	-1	-1	-1	-1	-1	-1	-1	-1	-1	-1	-1	-1	-1	-1	-1	-1	-1	-1	-1	-1	-1	-1	-1	-1	-1	-1	-1	-1	-1	2	-1	-1	-1	-1	-1	-1	-1	-1	-1	-1	-1	-1	-1	-1	-1	-1	-1	-1	-1	2	-1	Ring_1	戒指
10422011	1	4	22	11	6	-1	1	-1	-1	冰茫戒指	25	不知为何材质所造，光芒犹如冰茫，可作暗器用。	1204	70	3	0	-1	-1	-1	-1	-1	-1	-1	-1	-1	-1	-1	-1	-1	-1	-1	-1	-1	-1	-1	-1	-1	-1	-1	-1	-1	-1	-1	-1	-1	-1	-1	-1	-1	-1	-1	-1	-1	-1	-1	-1	-1	-1	-1	3	-1	-1	-1	-1	-1	-1	-1	-1	-1	-1	-1	-1	-1	-1	-1	-1	-1	-1	-1	-1	3	-1	Ring_3	戒指
10422016	1	4	22	16	6	-1	1	-1	-1	龙纹戒指	35	戒指宛如一条真龙首尾相接，霸气十足。	1564	70	3	0	-1	-1	-1	-1	-1	-1	-1	-1	-1	-1	-1	-1	-1	-1	-1	-1	-1	-1	-1	-1	-1	-1	-1	-1	-1	-1	-1	-1	-1	-1	-1	-1	-1	-1	-1	-1	-1	-1	-1	-1	-1	-1	4	-1	-1	-1	-1	-1	-1	-1	-1	-1	-1	-1	-1	-1	-1	-1	-1	-1	-1	-1	-1	-1	4	-1	Ring_4	戒指
10422021	1	4	22	21	6	-1	1	-1	-1	相思	45	双环戒指，一金色一银色，上下重叠相连，是为相思。	1984	80	3	0	-1	-1	-1	-1	-1	-1	-1	-1	-1	-1	-1	-1	-1	-1	-1	-1	-1	-1	-1	-1	-1	-1	-1	-1	-1	-1	-1	-1	-1	-1	-1	-1	-1	-1	-1	-1	-1	-1	-1	-1	-1	-1	-1	-1	-1	-1	5	-1	-1	-1	-1	-1	-1	-1	-1	-1	-1	-1	-1	-1	-1	-1	-1	-1	5	-1	Ring_8	戒指
10422026	1	4	22	26	6	-1	2	-1	-1	烟雨	55	烟色晶石所铸，工笔刻有千山万壑，烟雨楼台，细如牛毛，价值连城。	2856	80	3	0	-1	-1	-1	-1	-1	-1	-1	6	-1	-1	-1	-1	-1	-1	-1	-1	-1	-1	-1	-1	-1	-1	-1	-1	-1	-1	-1	-1	-1	-1	-1	-1	-1	-1	-1	-1	-1	-1	-1	-1	-1	-1	-1	-1	-1	-1	-1	-1	-1	-1	-1	-1	-1	-1	-1	-1	-1	-1	-1	-1	-1	-1	-1	-1	6	-1	Ring_5	戒指
10422031	1	4	22	31	6	-1	2	-1	-1	流光溢彩	65	以女娲补天所留的五色石为材质，色泽艳丽无双，隐藏着不知名的力量。	4120	90	3	0	-1	-1	-1	-1	-1	-1	-1	-1	-1	-1	7	-1	-1	-1	-1	-1	-1	-1	-1	-1	-1	-1	-1	-1	-1	-1	-1	-1	-1	-1	-1	-1	-1	-1	-1	-1	-1	-1	-1	-1	-1	-1	-1	-1	-1	-1	-1	-1	-1	-1	-1	-1	-1	-1	-1	-1	-1	-1	-1	-1	-1	-1	-1	-1	7	-1	Ring_6	戒指
10422036	1	4	22	36	6	-1	2	-1	-1	夺魄	75	戒身白色，上有一黄色斑纹，犹如夺魄金眼，夜间可发出光芒。	5868	90	3	0	-1	-1	-1	-1	-1	-1	-1	-1	-1	-1	-1	-1	-1	8	-1	-1	-1	-1	-1	-1	-1	-1	-1	-1	-1	-1	-1	-1	-1	-1	-1	-1	-1	-1	-1	-1	-1	-1	-1	-1	-1	-1	-1	-1	-1	-1	-1	-1	-1	-1	-1	-1	-1	-1	-1	-1	-1	-1	-1	-1	-1	-1	-1	-1	8	-1	Ring_7	戒指
10422041	1	4	22	41	6	-1	2	-1	-1	千佛	85	据说当年佛祖云游四方时遗落人间的仙品，得到者可得世间万物。	8204	100	3	0	-1	-1	-1	-1	-1	-1	-1	-1	-1	-1	-1	-1	-1	-1	-1	-1	9	-1	-1	-1	-1	-1	-1	-1	-1	-1	-1	-1	-1	-1	-1	-1	-1	-1	-1	-1	-1	-1	-1	-1	-1	-1	-1	-1	-1	-1	-1	-1	-1	-1	-1	-1	-1	-1	-1	-1	-1	-1	-1	-1	-1	-1	-1	-1	9	-1	Ring_9	戒指
10422046	1	4	22	46	6	-1	2	-1	-1	般若	95	上绘有般若图案，大智慧者，青青翠竹尽是法身，郁郁黄花无非般若，天下于胸。	11236	100	3	0	-1	-1	-1	-1	-1	-1	-1	-1	-1	-1	-1	-1	-1	-1	-1	-1	-1	-1	-1	-1	-1	-1	-1	-1	-1	-1	-1	-1	-1	-1	-1	-1	-1	-1	-1	10	-1	1	-1	-1	-1	-1	-1	-1	-1	-1	-1	-1	-1	-1	-1	-1	-1	-1	-1	-1	-1	-1	-1	-1	-1	-1	-1	-1	10	-1	Ring_10	戒指
10422099	1	4	22	45	6	-1	3	-1	-1	结婚戒指	10	结婚戒指啊!	1	50	3	0	-1	-1	-1	-1	-1	-1	-1	-1	-1	-1	-1	-1	-1	-1	-1	-1	-1	-1	-1	-1	-1	-1	-1	-1	-1	-1	-1	-1	-1	-1	-1	-1	-1	-1	-1	-1	-1	-1	-1	-1	-1	-1	1	1	1	1	1	-1	-1	-1	-1	-1	-1	-1	-1	-1	-1	-1	-1	-1	-1	-1	-1	-1	1	-1	Ring_2	戒指
