INT	STRING	INT	INT	INT	INT	INT	INT	INT	INT	INT	INT	INT	INT	INT	INT	INT	INT	INT	INT	INT	INT	INT	INT	INT	INT	INT	INT	INT	STRING
index	名称	ResultID	ResultNum	对应技能ID	技能等级需求（此列最低填1）	Stuff1ID	Stuff1num	Stuff2ID	Stuff2num	Stuff3ID	Stuff3num	Stuff4ID	Stuff4num	Stuff5ID	Stuff5num	活力需求	精力需求	属性需求2编号	属性需求2数量	冷却时间(毫秒)	需求工具ID	冷却组ID	熟练度需求	增加熟练度	功能分组	操作时间	脚本ID	失败时产品编号	随机配方的详细描述
0	馒头配方	30101001	1	1	1	-1	-1	-1	-1	-1	-1	-1	-1	-1	-1	3	-1	-1	-1	-1	-1	1	0	0		3000	-1	30101001	我填了
1	鬼头刀配方	10400001	1	4	1	20103001	1	20103002	1	20103003	1	20308001	1	-1	-1	3	-1	-1	-1	-1	-1	4	0	1		3000	-1	-1	我填了
2	宿铁刀配方	10400006	1	4	2	20103002	1	20103003	1	20103004	1	20308002	1	-1	-1	5	-1	-1	-1	-1	-1	4	0	1		3000	-1	-1	我填了
3	宝钿刀配方	10400011	1	4	3	20103003	1	20103004	1	20103005	1	20308003	1	-1	-1	7	-1	-1	-1	-1	-1	4	0	1		3000	-1	-1	我填了
4	银装刀配方	10400016	1	4	4	20103004	1	20103005	1	20103006	1	20308004	1	-1	-1	9	-1	-1	-1	-1	-1	4	0	1		3000	-1	-1	我填了
5	雁翅刀配方	10400021	1	4	5	20103005	1	20103006	1	20103007	1	20308005	1	-1	-1	11	-1	-1	-1	-1	-1	4	0	1		3000	-1	-1	我填了
6	昭仪灵宝配方	10200006	1	4	6	20103006	1	20103007	1	20103008	1	20308006	1	-1	-1	13	-1	-1	-1	-1	-1	4	0	1		3000	-1	-1	我填了
7	八荒蝉翼配方	10200007	1	4	7	20103007	1	20103008	1	20103009	1	20308007	1	-1	-1	15	-1	-1	-1	-1	-1	4	0	1		3000	-1	-1	我填了
8	火精流光配方	10200008	1	4	8	20103008	1	20103009	1	20103010	1	20308008	1	-1	-1	17	-1	-1	-1	-1	-1	4	0	1		3000	-1	-1	我填了
9	魔刀破风配方	10200009	1	4	9	20103009	1	20103010	1	20103011	1	20308009	1	20306005	1	19	-1	-1	-1	3600000	-1	4	0	1		3000	-1	-1	我填了
10	泣月神刀配方	10200010	1	4	10	20103010	1	20103011	1	20103012	1	20308010	1	20306006	1	21	-1	-1	-1	3600000	-1	4	0	1		3000	-1	-1	我填了
11	赤铁棒配方	10401001	1	4	1	20103001	3	20308011	1	-1	-1	-1	-1	-1	-1	3	-1	-1	-1	-1	-1	4	0	1		3000	-1	-1	我填了
12	闪电枪配方	10401006	1	4	2	20103002	3	20308012	1	-1	-1	-1	-1	-1	-1	5	-1	-1	-1	-1	-1	4	0	1		3000	-1	-1	我填了
13	蓝骨杖配方	10401011	1	4	3	20103003	3	20308013	1	-1	-1	-1	-1	-1	-1	7	-1	-1	-1	-1	-1	4	0	1		3000	-1	-1	我填了
14	噬魂枪配方	10401016	1	4	4	20103004	3	20308014	1	-1	-1	-1	-1	-1	-1	9	-1	-1	-1	-1	-1	4	0	1		3000	-1	-1	我填了
15	催风棍配方	10401021	1	4	5	20103005	3	20308015	1	-1	-1	-1	-1	-1	-1	11	-1	-1	-1	-1	-1	4	0	1		3000	-1	-1	我填了
16	烈火战枪配方	10201006	1	4	6	20103006	3	20308016	1	-1	-1	-1	-1	-1	-1	13	-1	-1	-1	-1	-1	4	0	1		3000	-1	-1	我填了
17	夜叉神戟配方	10201007	1	4	7	20103007	3	20308017	1	-1	-1	-1	-1	-1	-1	15	-1	-1	-1	-1	-1	4	0	1		3000	-1	-1	我填了
18	修罗妖枪配方	10201008	1	4	8	20103008	3	20308018	1	-1	-1	-1	-1	-1	-1	17	-1	-1	-1	-1	-1	4	0	1		3000	-1	-1	我填了
19	冥星魔棒配方	10201009	1	4	9	20103009	3	20308019	1	20306005	1	-1	-1	-1	-1	19	-1	-1	-1	3600000	-1	4	0	1		3000	-1	-1	我填了
20	乾坤神杵配方	10201010	1	4	10	20103010	3	20308020	1	20306006	1	-1	-1	-1	-1	21	-1	-1	-1	3600000	-1	4	0	1		3000	-1	-1	我填了
21	太康剑配方	10402001	1	4	1	20103001	2	20103002	1	20308021	1	-1	-1	-1	-1	3	-1	-1	-1	-1	-1	4	0	1		3000	-1	-1	我填了
22	灵宝剑配方	10402006	1	4	2	20103002	2	20103003	1	20308022	1	-1	-1	-1	-1	5	-1	-1	-1	-1	-1	4	0	1		3000	-1	-1	我填了
23	昆吾剑配方	10402011	1	4	3	20103003	2	20103004	1	20308023	1	-1	-1	-1	-1	7	-1	-1	-1	-1	-1	4	0	1		3000	-1	-1	我填了
24	青冥剑配方	10402016	1	4	4	20103004	2	20103005	1	20308024	1	-1	-1	-1	-1	9	-1	-1	-1	-1	-1	4	0	1		3000	-1	-1	我填了
25	梁神剑配方	10402021	1	4	5	20103005	2	20103006	1	20308025	1	-1	-1	-1	-1	11	-1	-1	-1	-1	-1	4	0	1		3000	-1	-1	我填了
26	金翎剑配方	10202006	1	4	6	20103006	2	20103007	1	20308026	1	-1	-1	-1	-1	13	-1	-1	-1	-1	-1	4	0	1		3000	-1	-1	我填了
27	斩蛟剑配方	10202007	1	4	7	20103007	2	20103008	1	20308027	1	-1	-1	-1	-1	15	-1	-1	-1	-1	-1	4	0	1		3000	-1	-1	我填了
28	惊鸿配方	10202008	1	4	8	20103008	2	20103009	1	20308028	1	-1	-1	-1	-1	17	-1	-1	-1	-1	-1	4	0	1		3000	-1	-1	我填了
29	龙渊配方	10202009	1	4	9	20103009	2	20103010	1	20308029	1	20306005	1	-1	-1	19	-1	-1	-1	3600000	-1	4	0	1		3000	-1	-1	我填了
30	腾空无双配方	10202010	1	4	10	20103010	2	20103011	1	20308030	1	20306006	1	-1	-1	21	-1	-1	-1	3600000	-1	4	0	1		3000	-1	-1	我填了
31	十字短剑配方	10403001	1	4	1	20103001	1	20103002	2	20308031	1	-1	-1	-1	-1	3	-1	-1	-1	-1	-1	4	0	1		3000	-1	-1	我填了
32	梅花双剑配方	10403006	1	4	2	20103002	1	20103003	2	20308032	1	-1	-1	-1	-1	5	-1	-1	-1	-1	-1	4	0	1		3000	-1	-1	我填了
33	逸龙双剑配方	10403011	1	4	3	20103003	1	20103004	2	20308033	1	-1	-1	-1	-1	7	-1	-1	-1	-1	-1	4	0	1		3000	-1	-1	我填了
34	钺牙戟配方	10403016	1	4	4	20103004	1	20103005	2	20308034	1	-1	-1	-1	-1	9	-1	-1	-1	-1	-1	4	0	1		3000	-1	-1	我填了
35	子午剑配方	10403021	1	4	5	20103005	1	20103006	2	20308035	1	-1	-1	-1	-1	11	-1	-1	-1	-1	-1	4	0	1		3000	-1	-1	我填了
36	宣花双斧配方	10203006	1	4	6	20103006	1	20103007	2	20308036	1	-1	-1	-1	-1	13	-1	-1	-1	-1	-1	4	0	1		3000	-1	-1	我填了
37	蝶恋花配方	10203007	1	4	7	20103007	1	20103008	2	20308037	1	-1	-1	-1	-1	15	-1	-1	-1	-1	-1	4	0	1		3000	-1	-1	我填了
38	长河孤烟配方	10203008	1	4	8	20103008	1	20103009	2	20308038	1	-1	-1	-1	-1	17	-1	-1	-1	-1	-1	4	0	1		3000	-1	-1	我填了
39	明月飞雪配方	10203009	1	4	9	20103009	1	20103010	2	20308039	1	20306005	1	-1	-1	19	-1	-1	-1	3600000	-1	4	0	1		3000	-1	-1	我填了
40	红颜英雄配方	10203010	1	4	10	20103010	1	20103011	2	20308040	1	20306006	1	-1	-1	21	-1	-1	-1	3600000	-1	4	0	1		3000	-1	-1	我填了
41	折扇配方	10404001	1	4	1	20103002	3	20308041	1	-1	-1	-1	-1	-1	-1	3	-1	-1	-1	-1	-1	4	0	1		3000	-1	-1	我填了
42	芭蕉扇配方	10404006	1	4	2	20103003	3	20308042	1	-1	-1	-1	-1	-1	-1	5	-1	-1	-1	-1	-1	4	0	1		3000	-1	-1	我填了
43	紫竹扇配方	10404011	1	4	3	20103004	3	20308043	1	-1	-1	-1	-1	-1	-1	7	-1	-1	-1	-1	-1	4	0	1		3000	-1	-1	我填了
44	玉钢扇配方	10404016	1	4	4	20103005	3	20308044	1	-1	-1	-1	-1	-1	-1	9	-1	-1	-1	-1	-1	4	0	1		3000	-1	-1	我填了
45	桃花扇配方	10404021	1	4	5	20103006	3	20308045	1	-1	-1	-1	-1	-1	-1	11	-1	-1	-1	-1	-1	4	0	1		3000	-1	-1	我填了
46	伏魔扇配方	10204006	1	4	6	20103007	3	20308046	1	-1	-1	-1	-1	-1	-1	13	-1	-1	-1	-1	-1	4	0	1		3000	-1	-1	我填了
47	无形扇配方	10204007	1	4	7	20103008	3	20308047	1	-1	-1	-1	-1	-1	-1	15	-1	-1	-1	-1	-1	4	0	1		3000	-1	-1	我填了
48	化仙扇配方	10204008	1	4	8	20103009	3	20308048	1	-1	-1	-1	-1	-1	-1	17	-1	-1	-1	-1	-1	4	0	1		3000	-1	-1	我填了
49	承影配方	10204009	1	4	9	20103010	3	20308049	1	20306005	1	-1	-1	-1	-1	19	-1	-1	-1	3600000	-1	4	0	1		3000	-1	-1	我填了
50	缥缈配方	10204010	1	4	10	20103011	3	20308050	1	20306006	1	-1	-1	-1	-1	21	-1	-1	-1	3600000	-1	4	0	1		3000	-1	-1	我填了
51	青铜环配方	10405001	1	4	1	20103001	2	20103003	1	20308051	1	-1	-1	-1	-1	3	-1	-1	-1	-1	-1	4	0	1		3000	-1	-1	我填了
52	白金环配方	10405006	1	4	2	20103002	2	20103004	1	20308052	1	-1	-1	-1	-1	5	-1	-1	-1	-1	-1	4	0	1		3000	-1	-1	我填了
53	龙凤环配方	10405011	1	4	3	20103003	2	20103005	1	20308053	1	-1	-1	-1	-1	7	-1	-1	-1	-1	-1	4	0	1		3000	-1	-1	我填了
54	栖霞环配方	10405016	1	4	4	20103004	2	20103006	1	20308054	1	-1	-1	-1	-1	9	-1	-1	-1	-1	-1	4	0	1		3000	-1	-1	我填了
55	寒冰圈配方	10405021	1	4	5	20103005	2	20103007	1	20308055	1	-1	-1	-1	-1	11	-1	-1	-1	-1	-1	4	0	1		3000	-1	-1	我填了
56	多情环配方	10205006	1	4	6	20103006	2	20103008	1	20308056	1	-1	-1	-1	-1	13	-1	-1	-1	-1	-1	4	0	1		3000	-1	-1	我填了
57	逍遥圈配方	10205007	1	4	7	20103007	2	20103009	1	20308057	1	-1	-1	-1	-1	15	-1	-1	-1	-1	-1	4	0	1		3000	-1	-1	我填了
58	幽冥圈配方	10205008	1	4	8	20103008	2	20103010	1	20308058	1	-1	-1	-1	-1	17	-1	-1	-1	-1	-1	4	0	1		3000	-1	-1	我填了
59	清骨轮配方	10205009	1	4	9	20103009	2	20103011	1	20308059	1	20306005	1	-1	-1	19	-1	-1	-1	3600000	-1	4	0	1		3000	-1	-1	我填了
60	七界宝环配方	10205010	1	4	10	20103010	2	20103012	1	20308060	1	20306006	1	-1	-1	21	-1	-1	-1	3600000	-1	4	0	1		3000	-1	-1	我填了
61	2级帽配方	20005020	-1	5	1	20105001	2	20107001	2	20308061	1	-1	-1	-1	-1	-1	-1	-1	-1	-1	-1	5	0	1		3000	700907	-1	按此配方可制成2级帽子一顶
62	8级衣配方	20005020	-1	5	1	20105001	3	20107001	2	20308071	1	-1	-1	-1	-1	-1	-1	-1	-1	-1	-1	5	0	1		3000	700908	-1	按此配方可制成8级衣服一件
63	6级护腕配方	20005020	-1	5	1	20105001	2	20107001	1	20308081	1	-1	-1	-1	-1	-1	-1	-1	-1	-1	-1	5	0	1		3000	700909	-1	按此配方可制成6级护腕一对
64	4级鞋配方	20005020	-1	5	1	20105001	1	20107001	3	20308091	1	-1	-1	-1	-1	-1	-1	-1	-1	-1	-1	5	0	1		3000	700910	-1	按此配方可制成4级鞋子一双
65	12级帽配方	20005020	-1	5	2	20105002	2	20107002	2	20308062	1	-1	-1	-1	-1	-1	-1	-1	-1	-1	-1	5	0	1		3000	700911	-1	按此配方可制成12级帽子一顶
66	18级衣配方	20005020	-1	5	2	20105002	3	20107002	2	20308072	1	-1	-1	-1	-1	-1	-1	-1	-1	-1	-1	5	0	1		3000	700912	-1	按此配方可制成18级衣服一件
67	16级护腕配方	20005020	-1	5	2	20105002	2	20107002	1	20308082	1	-1	-1	-1	-1	-1	-1	-1	-1	-1	-1	5	0	1		3000	700913	-1	按此配方可制成16级护腕一对
68	14级鞋配方	20005020	-1	5	2	20105002	1	20107002	3	20308092	1	-1	-1	-1	-1	-1	-1	-1	-1	-1	-1	5	0	1		3000	700914	-1	按此配方可制成14级鞋子一双
69	精纺帽配方	10410001	1	5	2	20105002	2	20107002	2	20308062	1	-1	-1	-1	-1	5	-1	-1	-1	-1	-1	5	0	1		3000	-1	-1	防具配方
70	精纺衣配方	10413001	1	5	2	20105002	3	20107002	2	20308072	1	-1	-1	-1	-1	5	-1	-1	-1	-1	-1	5	0	1		3000	-1	-1	防具配方
71	精纺护腕配方	10412001	1	5	2	20105002	2	20107002	1	20308082	1	-1	-1	-1	-1	5	-1	-1	-1	-1	-1	5	0	1		3000	-1	-1	防具配方
72	精纺鞋配方	10411001	1	5	2	20105002	1	20107002	3	20308092	1	-1	-1	-1	-1	5	-1	-1	-1	-1	-1	5	0	1		3000	-1	-1	防具配方
73	22级帽配方	20005020	-1	5	3	20105003	2	20107003	2	20308063	1	-1	-1	-1	-1	-1	-1	-1	-1	-1	-1	5	0	1		3000	700915	-1	按此配方可制成22级帽子一顶
74	28级衣配方	20005020	-1	5	3	20105003	3	20107003	2	20308073	1	-1	-1	-1	-1	-1	-1	-1	-1	-1	-1	5	0	1		3000	700916	-1	按此配方可制成28级衣服一件
75	26级护腕配方	20005020	-1	5	3	20105003	2	20107003	1	20308083	1	-1	-1	-1	-1	-1	-1	-1	-1	-1	-1	5	0	1		3000	700917	-1	按此配方可制成26级护腕一对
76	24级鞋配方	20005020	-1	5	3	20105003	1	20107003	3	20308093	1	-1	-1	-1	-1	-1	-1	-1	-1	-1	-1	5	0	1		3000	700918	-1	按此配方可制成24级鞋子一双
77	灵动帽配方	10410006	1	5	3	20105003	2	20107003	2	20308063	1	-1	-1	-1	-1	7	-1	-1	-1	-1	-1	5	0	1		3000	-1	-1	防具配方
78	灵动衣配方	10413006	1	5	3	20105003	3	20107003	2	20308073	1	-1	-1	-1	-1	7	-1	-1	-1	-1	-1	5	0	1		3000	-1	-1	防具配方
79	灵动护腕配方	10412006	1	5	3	20105003	2	20107003	1	20308083	1	-1	-1	-1	-1	7	-1	-1	-1	-1	-1	5	0	1		3000	-1	-1	防具配方
80	灵动鞋配方	10411006	1	5	3	20105003	1	20107003	3	20308093	1	-1	-1	-1	-1	7	-1	-1	-1	-1	-1	5	0	1		3000	-1	-1	防具配方
81	32级帽配方	20005020	-1	5	4	20105004	2	20107004	2	20308064	1	-1	-1	-1	-1	-1	-1	-1	-1	-1	-1	5	0	1		3000	700919	-1	按此配方可制成32级帽子一顶
82	38级衣配方	20005020	-1	5	4	20105004	3	20107004	2	20308074	1	-1	-1	-1	-1	-1	-1	-1	-1	-1	-1	5	0	1		3000	700920	-1	按此配方可制成38级衣服一件
83	36级护腕配方	20005020	-1	5	4	20105004	2	20107004	1	20308084	1	-1	-1	-1	-1	-1	-1	-1	-1	-1	-1	5	0	1		3000	700921	-1	按此配方可制成36级护腕一对
84	34级鞋配方	20005020	-1	5	4	20105004	1	20107004	3	20308094	1	-1	-1	-1	-1	-1	-1	-1	-1	-1	-1	5	0	1		3000	700922	-1	按此配方可制成34级鞋子一双
85	屏银帽配方	10410011	1	5	4	20105004	2	20107004	2	20308064	1	-1	-1	-1	-1	9	-1	-1	-1	-1	-1	5	0	1		3000	-1	-1	防具配方
86	屏银衣配方	10413011	1	5	4	20105004	3	20107004	2	20308074	1	-1	-1	-1	-1	9	-1	-1	-1	-1	-1	5	0	1		3000	-1	-1	防具配方
87	屏银护腕配方	10412011	1	5	4	20105004	2	20107004	1	20308084	1	-1	-1	-1	-1	9	-1	-1	-1	-1	-1	5	0	1		3000	-1	-1	防具配方
88	屏银鞋配方	10411011	1	5	4	20105004	1	20107004	3	20308094	1	-1	-1	-1	-1	9	-1	-1	-1	-1	-1	5	0	1		3000	-1	-1	防具配方
89	42级帽配方	20005020	-1	5	4	20105005	2	20107005	2	20308065	1	-1	-1	-1	-1	-1	-1	-1	-1	-1	-1	5	0	1		3000	700923	-1	按此配方可制成42级帽子一顶
90	48级衣配方	20005020	-1	5	5	20105005	3	20107005	2	20308075	1	-1	-1	-1	-1	-1	-1	-1	-1	-1	-1	5	0	1		3000	700924	-1	按此配方可制成48级衣服一件
91	46级护腕配方	20005020	-1	5	5	20105005	2	20107005	1	20308085	1	-1	-1	-1	-1	-1	-1	-1	-1	-1	-1	5	0	1		3000	700925	-1	按此配方可制成46级护腕一对
92	44级鞋配方	20005020	-1	5	5	20105005	1	20107005	3	20308095	1	-1	-1	-1	-1	-1	-1	-1	-1	-1	-1	5	0	1		3000	700926	-1	按此配方可制成44级鞋子一双
93	神威帽配方	10410016	1	5	5	20105005	2	20107005	2	20308065	1	-1	-1	-1	-1	11	-1	-1	-1	-1	-1	5	0	1		3000	-1	-1	防具配方
94	神威衣配方	10413016	1	5	5	20105005	3	20107005	2	20308075	1	-1	-1	-1	-1	11	-1	-1	-1	-1	-1	5	0	1		3000	-1	-1	防具配方
95	神威护腕配方	10412016	1	5	5	20105005	2	20107005	1	20308085	1	-1	-1	-1	-1	11	-1	-1	-1	-1	-1	5	0	1		3000	-1	-1	防具配方
96	神威鞋配方	10411016	1	5	5	20105005	1	20107005	3	20308095	1	-1	-1	-1	-1	11	-1	-1	-1	-1	-1	5	0	1		3000	-1	-1	防具配方
97	52帽配方	20005020	-1	5	6	20105006	2	20107006	2	20308066	1	-1	-1	-1	-1	-1	-1	-1	-1	-1	-1	5	0	1		3000	700927	-1	按此配方可制成52级帽子一顶
98	58衣配方	20005020	-1	5	6	20105006	3	20107006	2	20308076	1	-1	-1	-1	-1	-1	-1	-1	-1	-1	-1	5	0	1		3000	700928	-1	按此配方可制成58级衣服一件
99	56护腕配方	20005020	-1	5	6	20105006	2	20107006	1	20308086	1	-1	-1	-1	-1	-1	-1	-1	-1	-1	-1	5	0	1		3000	700929	-1	按此配方可制成56级护腕一对
100	54鞋配方	20005020	-1	5	6	20105006	1	20107006	3	20308096	1	-1	-1	-1	-1	-1	-1	-1	-1	-1	-1	5	0	1		3000	700930	-1	按此配方可制成54级鞋子一双
101	翠羽帽配方	10410021	1	5	6	20105006	2	20107006	2	20308066	1	-1	-1	-1	-1	13	-1	-1	-1	-1	-1	5	0	1		3000	-1	-1	防具配方
102	翠羽衣配方	10413021	1	5	6	20105006	3	20107006	2	20308076	1	-1	-1	-1	-1	13	-1	-1	-1	-1	-1	5	0	1		3000	-1	-1	防具配方
103	翠羽护腕配方	10412021	1	5	6	20105006	2	20107006	1	20308086	1	-1	-1	-1	-1	13	-1	-1	-1	-1	-1	5	0	1		3000	-1	-1	防具配方
104	翠羽鞋配方	10411021	1	5	6	20105006	1	20107006	3	20308096	1	-1	-1	-1	-1	13	-1	-1	-1	-1	-1	5	0	1		3000	-1	-1	防具配方
105	62帽配方	20005020	-1	5	7	20105007	2	20107007	2	20308067	1	-1	-1	-1	-1	-1	-1	-1	-1	-1	-1	5	0	1		3000	700931	-1	按此配方可制成62级帽子一顶
106	68衣配方	20005020	-1	5	7	20105007	3	20107007	2	20308077	1	-1	-1	-1	-1	-1	-1	-1	-1	-1	-1	5	0	1		3000	700932	-1	按此配方可制成68级衣服一件
107	66护腕配方	20005020	-1	5	7	20105007	2	20107007	1	20308087	1	-1	-1	-1	-1	-1	-1	-1	-1	-1	-1	5	0	1		3000	700933	-1	按此配方可制成66级护腕一对
108	64鞋配方	20005020	-1	5	7	20105007	1	20107007	3	20308097	1	-1	-1	-1	-1	-1	-1	-1	-1	-1	-1	5	0	1		3000	700934	-1	按此配方可制成64级鞋子一双
109	71帽配方	20005020	-1	5	8	20105008	2	20107009	2	20308068	1	-1	-1	-1	-1	-1	-1	-1	-1	-1	-1	5	0	1		3000	700935	-1	按此配方可制成71级帽子一顶
110	74衣配方	20005020	-1	5	8	20105008	3	20107009	2	20308078	1	-1	-1	-1	-1	-1	-1	-1	-1	-1	-1	5	0	1		3000	700936	-1	按此配方可制成74级衣服一件
111	73护腕配方	20005020	-1	5	8	20105008	2	20107009	1	20308088	1	-1	-1	-1	-1	-1	-1	-1	-1	-1	-1	5	0	1		3000	700937	-1	按此配方可制成73级护腕一对
112	72鞋配方	20005020	-1	5	8	20105008	1	20107009	3	20308098	1	-1	-1	-1	-1	-1	-1	-1	-1	-1	-1	5	0	1		3000	700938	-1	按此配方可制成72级鞋子一双
113	76级帽配方	20005020	-1	5	9	20105009	2	20107011	2	20306009	1	20308068	1	-1	-1	-1	-1	-1	-1	3600000	-1	5	0	1		3000	700939	-1	按此配方可制成76级帽子一顶
114	79级衣配方	20005020	-1	5	9	20105009	3	20107011	2	20306009	1	20308078	1	-1	-1	-1	-1	-1	-1	3600000	-1	5	0	1		3000	700940	-1	按此配方可制成79级衣服一件
115	78级护腕配方	20005020	-1	5	9	20105009	2	20107011	1	20306009	1	20308088	1	-1	-1	-1	-1	-1	-1	3600000	-1	5	0	1		3000	700941	-1	按此配方可制成78级护腕一对
116	77级鞋配方	20005020	-1	5	9	20105009	1	20107011	3	20306009	1	20308098	1	-1	-1	-1	-1	-1	-1	3600000	-1	5	0	1		3000	700942	-1	按此配方可制成77级鞋子一双
117	81帽配方	20005020	-1	5	10	20105010	2	20107013	2	20306010	1	20308069	1	-1	-1	-1	-1	-1	-1	3600000	-1	5	0	1		3000	700943	-1	按此配方可制成81级帽子一顶
118	84衣配方	20005020	-1	5	10	20105010	3	20107013	2	20306010	1	20308079	1	-1	-1	-1	-1	-1	-1	3600000	-1	5	0	1		3000	700944	-1	按此配方可制成84级衣服一件
119	83护腕配方	20005020	-1	5	10	20105010	2	20107013	1	20306010	1	20308089	1	-1	-1	-1	-1	-1	-1	3600000	-1	5	0	1		3000	700945	-1	按此配方可制成83级护腕一对
120	82鞋配方	20005020	-1	5	10	20105010	1	20107013	3	20306010	1	20308099	1	-1	-1	-1	-1	-1	-1	3600000	-1	5	0	1		3000	700946	-1	按此配方可制成82级鞋子一双
121	86帽配方	20005020	-1	5	11	20105011	2	20107015	2	20306011	1	20308069	1	-1	-1	-1	-1	-1	-1	3600000	-1	5	0	0		3000	700947	-1	按此配方可制成86级帽子一顶
122	89衣配方	20005020	-1	5	11	20105011	3	20107015	2	20306011	1	20308079	1	-1	-1	-1	-1	-1	-1	3600000	-1	5	0	0		3000	700948	-1	按此配方可制成89级衣服一件
123	88护腕配方	20005020	-1	5	11	20105011	2	20107015	1	20306011	1	20308089	1	-1	-1	-1	-1	-1	-1	3600000	-1	5	0	0		3000	700949	-1	按此配方可制成88级护腕一对
124	87鞋配方	20005020	-1	5	11	20105011	1	20107015	3	20306011	1	20308099	1	-1	-1	-1	-1	-1	-1	3600000	-1	5	0	0		3000	700950	-1	按此配方可制成87级鞋子一双
125	91帽配方	20005020	-1	5	12	20105012	2	20107017	2	20306012	1	20308070	1	-1	-1	-1	-1	-1	-1	3600000	-1	5	0	0		3000	700951	-1	按此配方可制成91级帽子一顶
126	94衣配方	20005020	-1	5	12	20105012	3	20107017	2	20306012	1	20308080	1	-1	-1	-1	-1	-1	-1	3600000	-1	5	0	0		3000	700952	-1	按此配方可制成94级衣服一件
127	93护腕配方	20005020	-1	5	12	20105012	2	20107017	1	20306012	1	20308090	1	-1	-1	-1	-1	-1	-1	3600000	-1	5	0	0		3000	700953	-1	按此配方可制成93级护腕一对
128	92鞋配方	20005020	-1	5	12	20105012	1	20107017	3	20306012	1	20308100	1	-1	-1	-1	-1	-1	-1	3600000	-1	5	0	0		3000	700954	-1	按此配方可制成92级鞋子一双
129	96帽配方	20005020	-1	5	12	20105012	2	20107018	2	20306012	1	20308070	1	-1	-1	-1	-1	-1	-1	3600000	-1	5	0	0		3000	700955	-1	按此配方可制成96级帽子一顶
130	99衣配方	20005020	-1	5	12	20105012	3	20107018	2	20306012	1	20308080	1	-1	-1	-1	-1	-1	-1	3600000	-1	5	0	0		3000	700956	-1	按此配方可制成99级衣服一件
131	98护腕配方	20005020	-1	5	12	20105012	2	20107018	1	20306012	1	20308090	1	-1	-1	-1	-1	-1	-1	3600000	-1	5	0	0		3000	700957	-1	按此配方可制成98级护腕一对
132	97鞋配方	20005020	-1	5	12	20105012	1	20107018	3	20306012	1	20308100	1	-1	-1	-1	-1	-1	-1	3600000	-1	5	0	0		3000	700958	-1	按此配方可制成97级鞋子一双
133	百花链配方	10420001	1	6	1	20103001	1	20103003	1	20308101	1	-1	-1	-1	-1	-1	3	-1	-1	-1	-1	6	0	1		3000	-1	-1	项链配方
134	松石结配方	10420006	1	6	2	20103002	1	20103004	1	20308102	1	-1	-1	-1	-1	-1	5	-1	-1	-1	-1	6	0	1		3000	-1	-1	项链配方
135	玛瑙护符配方	10420011	1	6	3	20103003	1	20103005	1	20308103	1	-1	-1	-1	-1	-1	7	-1	-1	-1	-1	6	0	1		3000	-1	-1	项链配方
136	蓝牙束配方	10420016	1	6	4	20103004	1	20103006	1	20308104	1	-1	-1	-1	-1	-1	9	-1	-1	-1	-1	6	0	1		3000	-1	-1	项链配方
137	暖晶项链配方	10420021	1	6	5	20103005	1	20103007	1	20308105	1	-1	-1	-1	-1	-1	11	-1	-1	-1	-1	6	0	1		3000	-1	-1	项链配方
138	七情束配方	10220006	1	6	6	20103006	1	20103008	1	20308106	1	-1	-1	-1	-1	-1	13	-1	-1	-1	-1	6	0	1		3000	-1	-1	项链配方
139	情人泪配方	10220007	1	6	7	20103007	1	20103009	1	20308107	1	-1	-1	-1	-1	-1	15	-1	-1	-1	-1	6	0	1		3000	-1	-1	项链配方
140	引路铃配方	10220008	1	6	8	20103008	1	20103010	1	20308108	1	-1	-1	-1	-1	-1	17	-1	-1	-1	-1	6	0	1		3000	-1	-1	项链配方
141	月光配方	10220009	1	6	9	20103009	1	20103011	1	20308109	1	20306013	1	-1	-1	-1	19	-1	-1	3600000	-1	6	0	1		3000	-1	-1	项链配方
142	蝶仙配方	10220010	1	6	10	20103010	1	20103012	1	20308110	1	20306014	1	-1	-1	-1	21	-1	-1	3600000	-1	6	0	1		3000	-1	-1	项链配方
143	樱花腰带配方	10421001	1	6	1	20103002	1	20107003	1	20308121	1	-1	-1	-1	-1	-1	3	-1	-1	-1	-1	6	0	1		3000	-1	-1	腰饰配方
144	吉祥腰带配方	10421006	1	6	2	20103003	1	20107005	1	20308122	1	-1	-1	-1	-1	-1	5	-1	-1	-1	-1	6	0	1		3000	-1	-1	腰饰配方
145	苍蟒腰带配方	10421011	1	6	3	20103004	1	20107007	1	20308123	1	-1	-1	-1	-1	-1	7	-1	-1	-1	-1	6	0	1		3000	-1	-1	腰饰配方
146	云瑶箍环配方	10421016	1	6	4	20103005	1	20107009	1	20308124	1	-1	-1	-1	-1	-1	9	-1	-1	-1	-1	6	0	1		3000	-1	-1	腰饰配方
147	惊雷环带配方	10421021	1	6	5	20103006	1	20107011	1	20308125	1	-1	-1	-1	-1	-1	11	-1	-1	-1	-1	6	0	1		3000	-1	-1	腰饰配方
148	混天带配方	10221006	1	6	6	20103007	1	20107013	1	20308126	1	-1	-1	-1	-1	-1	13	-1	-1	-1	-1	6	0	1		3000	-1	-1	腰饰配方
149	神霄带配方	10221007	1	6	7	20103008	1	20107014	1	20308127	1	-1	-1	-1	-1	-1	15	-1	-1	-1	-1	6	0	1		3000	-1	-1	腰饰配方
150	七曜腰环配方	10221008	1	6	8	20103009	1	20107015	1	20308128	1	-1	-1	-1	-1	-1	17	-1	-1	-1	-1	6	0	1		3000	-1	-1	腰饰配方
151	紫霞配方	10221009	1	6	9	20103010	1	20107017	1	20308129	1	20306013	1	-1	-1	-1	19	-1	-1	3600000	-1	6	0	1		3000	-1	-1	腰饰配方
152	镇日带配方	10221010	1	6	10	20103011	1	20107018	1	20308130	1	20306014	1	-1	-1	-1	21	-1	-1	3600000	-1	6	0	1		3000	-1	-1	腰饰配方
153	银戒指配方	10422001	1	6	1	20103002	2	20308111	1	-1	-1	-1	-1	-1	-1	-1	3	-1	-1	-1	-1	6	0	1		3000	-1	-1	戒指配方
154	翡翠扳指配方	10422006	1	6	2	20103003	2	20308112	1	-1	-1	-1	-1	-1	-1	-1	5	-1	-1	-1	-1	6	0	1		3000	-1	-1	戒指配方
155	冰茫戒指配方	10422011	1	6	3	20103004	2	20308113	1	-1	-1	-1	-1	-1	-1	-1	7	-1	-1	-1	-1	6	0	1		3000	-1	-1	戒指配方
156	龙纹戒指配方	10422016	1	6	4	20103005	2	20308114	1	-1	-1	-1	-1	-1	-1	-1	9	-1	-1	-1	-1	6	0	1		3000	-1	-1	戒指配方
157	相思配方	10422021	1	6	5	20103006	2	20308115	1	-1	-1	-1	-1	-1	-1	-1	11	-1	-1	-1	-1	6	0	1		3000	-1	-1	戒指配方
158	灵韵配方	10222006	1	6	6	20103007	2	20308116	1	-1	-1	-1	-1	-1	-1	-1	13	-1	-1	-1	-1	6	0	1		3000	-1	-1	戒指配方
159	九宫配方	10222007	1	6	7	20103008	2	20308117	1	-1	-1	-1	-1	-1	-1	-1	15	-1	-1	-1	-1	6	0	1		3000	-1	-1	戒指配方
160	玲珑配方	10222008	1	6	8	20103009	2	20308118	1	-1	-1	-1	-1	-1	-1	-1	17	-1	-1	-1	-1	6	0	1		3000	-1	-1	戒指配方
161	摄魂配方	10222009	1	6	9	20103010	2	20308119	1	20306013	1	-1	-1	-1	-1	-1	19	-1	-1	3600000	-1	6	0	1		3000	-1	-1	戒指配方
162	神祭配方	10222010	1	6	10	20103011	2	20308120	1	20306014	1	-1	-1	-1	-1	-1	21	-1	-1	3600000	-1	6	0	1		3000	-1	-1	戒指配方
163	初级药配方	-1	-1	2	1	-1	-1	-1	-1	-1	-1	-1	-1	-1	-1	-1	-1	-1	-1	-1	-1	2	0	1		3000	700901	-1	用3个初级或2个中级或1个高级药草合成药
164	中级药配方	-1	-1	2	4	-1	-1	-1	-1	-1	-1	-1	-1	-1	-1	-1	-1	-1	-1	-1	-1	2	0	1		3000	700902	30003004	用3个中级或2个高级药草合成药
165	高级药配方	-1	-1	2	7	-1	-1	-1	-1	-1	-1	-1	-1	-1	-1	-1	-1	-1	-1	-1	-1	2	0	1		3000	700903	30003007	用3个高级药草合成药
166	金创药配方	30001003	1	2	3	20101007	2	20301001	1	-1	-1	-1	-1	-1	-1	7	-1	-1	-1	-1	-1	2	0	1		3000	-1	30003003	我填了
167	归灵丸配方	30002003	1	2	3	20101008	2	20301001	1	-1	-1	-1	-1	-1	-1	7	-1	-1	-1	-1	-1	2	0	1		3000	-1	30003003	我填了
168	天麻膏配方	30003003	1	2	3	20101008	3	-1	-1	-1	-1	-1	-1	-1	-1	7	-1	-1	-1	-1	-1	2	0	1		3000	-1	30003003	我填了
169	翠波散配方	30005011	1	2	3	20101006	1	20101007	1	20301001	1	-1	-1	-1	-1	7	-1	-1	-1	-1	-1	2	0	1		3000	-1	30003003	我填了
170	雷泽散配方	30005013	1	2	3	20101020	1	20101021	1	20301003	1	-1	-1	-1	-1	7	-1	-1	-1	-1	-1	2	0	1		3000	-1	30003003	我填了
171	火护散配方	30005015	1	2	3	20101013	1	20101014	1	20301002	1	-1	-1	-1	-1	7	-1	-1	-1	-1	-1	2	0	1		3000	-1	30003003	我填了
172	避毒散配方	30005017	1	2	3	20101005	1	20101004	1	20301001	1	-1	-1	-1	-1	7	-1	-1	-1	-1	-1	2	0	1		3000	-1	30003003	我填了
173	庇护散配方	30005019	1	2	3	20101006	1	20101007	1	20301001	1	-1	-1	-1	-1	7	-1	-1	-1	-1	-1	2	0	1		3000	-1	30003003	我填了
174	首乌丹配方	30001006	1	2	6	20101016	2	20301002	1	-1	-1	-1	-1	-1	-1	13	-1	-1	-1	-1	-1	2	0	1		3000	-1	30003006	我填了
175	琼丹配方	30002006	1	2	6	20101017	2	20301002	1	-1	-1	-1	-1	-1	-1	13	-1	-1	-1	-1	-1	2	0	1		3000	-1	30003006	我填了
176	红颜膏配方	30003006	1	2	6	20101018	2	20105006	1	-1	-1	-1	-1	-1	-1	13	-1	-1	-1	-1	-1	2	0	1		3000	-1	30003006	我填了
177	霸王丸配方	30004003	1	2	6	20101014	1	20101015	1	20301002	1	-1	-1	-1	-1	13	-1	-1	-1	-1	-1	2	0	1		3000	-1	30003006	我填了
178	仙玉丸配方	30004008	1	2	6	20101013	1	20101014	1	20301002	1	-1	-1	-1	-1	13	-1	-1	-1	-1	-1	2	0	1		3000	-1	30003006	我填了
179	无回丸配方	30004013	1	2	6	20101015	1	20101013	1	20301002	1	-1	-1	-1	-1	13	-1	-1	-1	-1	-1	2	0	1		3000	-1	30003006	我填了
180	梯云丸配方	30004018	1	2	6	20101014	2	20301002	1	-1	-1	-1	-1	-1	-1	13	-1	-1	-1	-1	-1	2	0	1		3000	-1	30003006	我填了
181	神定丸配方	30004023	1	2	6	20101013	2	20301002	1	-1	-1	-1	-1	-1	-1	13	-1	-1	-1	-1	-1	2	0	1		3000	-1	30003006	我填了
182	障罗丸配方	30005003	1	2	6	20101015	2	20301002	1	-1	-1	-1	-1	-1	-1	13	-1	-1	-1	-1	-1	2	0	1		3000	-1	30003006	我填了
183	辉月丸配方	30005008	1	2	6	20101016	2	20301002	1	-1	-1	-1	-1	-1	-1	13	-1	-1	-1	-1	-1	2	0	1		3000	-1	30003006	我填了
184	仙丹魂魄配方	30001009	1	2	9	20101025	2	20301003	1	20306001	1	-1	-1	-1	-1	19	-1	-1	-1	3600000	-1	2	0	1		3000	-1	30003007	我填了
185	仙丹往生配方	30001010	1	2	10	20101028	2	20301003	1	20306002	1	-1	-1	-1	-1	21	-1	-1	-1	3600000	-1	2	0	1		3000	-1	30003007	我填了
186	仙丹金元配方	30002009	1	2	9	20101026	2	20301003	1	20306001	1	-1	-1	-1	-1	19	-1	-1	-1	3600000	-1	2	0	1		3000	-1	30003007	我填了
187	仙丹神通配方	30002010	1	2	10	20101029	2	20301003	1	20306002	1	-1	-1	-1	-1	21	-1	-1	-1	3600000	-1	2	0	1		3000	-1	30003007	我填了
188	延寿膏配方	30003009	1	2	9	20101027	2	20105009	1	20306001	1	-1	-1	-1	-1	19	-1	-1	-1	3600000	-1	2	0	1		3000	-1	30003007	我填了
189	不老膏配方	30003010	1	2	10	20101030	2	20105010	1	20306002	1	-1	-1	-1	-1	21	-1	-1	-1	3600000	-1	2	0	1		3000	-1	30003007	我填了
190	力撼地配方	30004005	1	2	10	20101026	1	20101027	1	20301003	1	20306002	1	-1	-1	21	-1	-1	-1	3600000	-1	2	0	1		3000	-1	30003007	我填了
191	灵仙罗配方	30004010	1	2	10	20101025	1	20101026	1	20301003	1	20306002	1	-1	-1	21	-1	-1	-1	3600000	-1	2	0	1		3000	-1	30003007	我填了
192	体天若配方	30004015	1	2	10	20101027	1	20101025	1	20301003	1	20306002	1	-1	-1	21	-1	-1	-1	3600000	-1	2	0	1		3000	-1	30003007	我填了
193	敏飞升配方	30004020	1	2	10	20101026	2	20301003	1	20306002	1	-1	-1	-1	-1	21	-1	-1	-1	3600000	-1	2	0	1		3000	-1	30003007	我填了
194	定致远配方	30004025	1	2	10	20101025	2	20301003	1	20306002	1	-1	-1	-1	-1	21	-1	-1	-1	3600000	-1	2	0	1		3000	-1	30003007	我填了
195	防列阵配方	30005005	1	2	10	20101027	2	20301003	1	20306002	1	-1	-1	-1	-1	21	-1	-1	-1	3600000	-1	2	0	1		3000	-1	30003007	我填了
196	防阴阳配方	30005010	1	2	10	20101028	2	20301003	1	20306002	1	-1	-1	-1	-1	21	-1	-1	-1	3600000	-1	2	0	1		3000	-1	30003007	我填了
197	龙牙散配方	30006002	1	2	9	20101020	1	20101022	1	20301002	1	-1	-1	-1	-1	19	-1	-1	-1	-1	-1	2	0	1		3000	-1	30003007	我填了
198	伯灵散配方	30006004	1	2	9	20101019	1	20101020	1	20301002	1	-1	-1	-1	-1	19	-1	-1	-1	-1	-1	2	0	1		3000	-1	30003007	我填了
199	冰灵散配方	30006006	1	2	9	20101022	1	20101020	1	20301002	1	-1	-1	-1	-1	19	-1	-1	-1	-1	-1	2	0	1		3000	-1	30003007	我填了
200	金雷散配方	30006008	1	2	9	20101022	1	20101019	1	20301002	1	-1	-1	-1	-1	19	-1	-1	-1	-1	-1	2	0	1		3000	-1	30003007	我填了
201	真火散配方	30006010	1	2	9	20101022	1	20101020	1	20301002	1	-1	-1	-1	-1	19	-1	-1	-1	-1	-1	2	0	1		3000	-1	30003007	我填了
202	九藜散配方	30006012	1	2	9	20101022	2	20301002	1	-1	-1	-1	-1	-1	-1	19	-1	-1	-1	-1	-1	2	0	1		3000	-1	30003007	我填了
203	天眼丹配方	30006014	1	2	9	20101020	2	20301002	1	-1	-1	-1	-1	-1	-1	19	-1	-1	-1	-1	-1	2	0	1		3000	-1	30003007	我填了
204	小经验丹配方	30007001	1	2	11	20101026	1	20101025	1	20301003	1	20306003	1	-1	-1	23	-1	-1	-1	3600000	-1	2	0	0		3000	-1	30003007	我填了
205	大经验丹配方	30007002	1	2	12	20101028	1	20101030	1	20301003	1	20306004	1	-1	-1	25	-1	-1	-1	3600000	-1	2	0	0		3000	-1	30003007	我填了
206	王母仙丹配方	30007003	1	2	12	20101029	1	20101030	1	20301003	1	20306004	1	-1	-1	25	-1	-1	-1	3600000	-1	2	0	0		3000	-1	30003007	我填了
207	英月散配方	30007004	1	2	9	20101016	1	20101017	1	20301002	1	-1	-1	-1	-1	19	-1	-1	-1	-1	-1	2	0	1		3000	-1	30003007	我填了
208	火龙丹配方	30007005	1	2	9	20101017	1	20101018	1	20301002	1	-1	-1	-1	-1	19	-1	-1	-1	-1	-1	2	0	1		3000	-1	30003007	我填了
209	千尺丹配方	30007006	1	2	9	20101018	1	20101019	1	20301002	1	-1	-1	-1	-1	19	-1	-1	-1	-1	-1	2	0	1		3000	-1	30003007	我填了
210	定气散配方	30007007	1	2	9	20101019	1	20101020	1	20301002	1	-1	-1	-1	-1	19	-1	-1	-1	-1	-1	2	0	1		3000	-1	30003007	我填了
211	冥意散配方	30007008	1	2	9	20101020	1	20101021	1	20301002	1	-1	-1	-1	-1	19	-1	-1	-1	-1	-1	2	0	1		3000	-1	30003007	我填了
212	灵触散配方	30007009	1	2	9	20101021	1	20101022	1	20301002	1	-1	-1	-1	-1	19	-1	-1	-1	-1	-1	2	0	1		3000	-1	30003007	我填了
213	初级食物配方	-1	-1	1	1	-1	-1	-1	-1	-1	-1	-1	-1	-1	-1	3	-1	-1	-1	-1	-1	1	0	1		3000	700904	-1	用3个初级或2个中级或1个高级材料合成食物
214	中级食物配方	-1	-1	1	4	-1	-1	-1	-1	-1	-1	-1	-1	-1	-1	9	-1	-1	-1	-1	-1	1	0	1		3000	700905	30101004	用3个中级或2个高级材料合成食物
215	高级食物配方	-1	-1	1	7	-1	-1	-1	-1	-1	-1	-1	-1	-1	-1	15	-1	-1	-1	-1	-1	1	0	1		3000	700906	30101007	用3个高级材料合成食物
216	玉米饼配方	30101003	1	1	3	20104003	2	-1	-1	-1	-1	-1	-1	-1	-1	7	-1	-1	-1	-1	-1	1	0	1		3000	-1	30101003	我填了
217	混沌配方	30101006	1	1	6	20104006	2	-1	-1	-1	-1	-1	-1	-1	-1	13	-1	-1	-1	-1	-1	1	0	1		3000	-1	30101006	我填了
218	麻花配方	30101009	1	1	9	20104009	2	20306017	1	-1	-1	-1	-1	-1	-1	19	-1	-1	-1	-1	-1	1	0	1		3000	-1	30101009	我填了
219	元宵配方	30101010	1	1	10	20104010	2	20306018	1	-1	-1	-1	-1	-1	-1	21	-1	-1	-1	3600000	-1	1	0	1		3000	-1	30101009	我填了
220	水晶丸子配方	30101011	1	1	11	20104011	2	20306019	1	-1	-1	-1	-1	-1	-1	23	-1	-1	-1	3600000	-1	1	0	0		3000	-1	30101009	我填了
221	煎饼配方	30101012	1	1	12	20104012	2	20306020	1	-1	-1	-1	-1	-1	-1	25	-1	-1	-1	3600000	-1	1	0	0		3000	-1	30101009	我填了
222	八宝粥配方	30101015	1	1	3	20104003	1	20102003	1	-1	-1	-1	-1	-1	-1	7	-1	-1	-1	-1	-1	1	0	1		3000	-1	30101003	我填了
223	过桥米线配方	30101018	1	1	6	20104006	1	20102006	1	-1	-1	-1	-1	-1	-1	13	-1	-1	-1	-1	-1	1	0	1		3000	-1	30101006	我填了
224	米糕配方	30101021	1	1	9	20104009	1	20102009	1	20306017	1	-1	-1	-1	-1	19	-1	-1	-1	-1	-1	1	0	1		3000	-1	30101009	我填了
225	桃酥配方	30101022	1	1	10	20104010	1	20102010	1	20306018	1	-1	-1	-1	-1	21	-1	-1	-1	3600000	-1	1	0	1		3000	-1	30101009	我填了
226	粉皮配方	30101023	1	1	11	20104011	1	20102011	1	20306019	1	-1	-1	-1	-1	23	-1	-1	-1	3600000	-1	1	0	0		3000	-1	30101009	我填了
227	窝窝头配方	30101024	1	1	12	20104012	1	20102012	1	20306020	1	-1	-1	-1	-1	25	-1	-1	-1	3600000	-1	1	0	0		3000	-1	30101009	我填了
228	红焖熊爪配方	30102003	1	1	6	20102006	2	-1	-1	-1	-1	-1	-1	-1	-1	13	-1	-1	-1	-1	-1	1	0	1		3000	-1	30101006	我填了
229	紫菜汤配方	30102007	1	1	6	20102005	2	-1	-1	-1	-1	-1	-1	-1	-1	13	-1	-1	-1	-1	-1	1	0	1		3000	-1	30101006	我填了
230	红烧甲鱼配方	30102011	1	1	6	20102007	2	-1	-1	-1	-1	-1	-1	-1	-1	13	-1	-1	-1	-1	-1	1	0	1		3000	-1	30101006	我填了
231	排骨粥配方	30102015	1	1	6	20102005	1	20102006	1	-1	-1	-1	-1	-1	-1	13	-1	-1	-1	-1	-1	1	0	1		3000	-1	30101006	我填了
232	灌汤包配方	30102019	1	1	6	20102005	1	20102007	1	-1	-1	-1	-1	-1	-1	13	-1	-1	-1	-1	-1	1	0	1		3000	-1	30101006	我填了
233	洋参土鳖粥配方	30103001	1	1	12	20104011	2	20104012	2	20306020	1	-1	-1	-1	-1	25	-1	-1	-1	3600000	-1	1	0	0		3000	-1	30101009	我填了
234	小血咒配方	30201001	1	16	1	20304005	1	20101001	1	-1	-1	-1	-1	-1	-1	-1	3	-1	-1	-1	-1	6	0	1		3000	-1	-1	我填了
235	红血咒配方	30201002	1	16	3	20304007	1	20101005	1	-1	-1	-1	-1	-1	-1	-1	7	-1	-1	-1	-1	6	0	1		3000	-1	-1	我填了
236	赤血咒配方	30201003	1	16	5	20304009	1	20101009	1	-1	-1	-1	-1	-1	-1	-1	11	-1	-1	-1	-1	6	0	1		3000	-1	-1	我填了
237	千血咒配方	30201004	1	16	7	20304011	1	20101013	1	-1	-1	-1	-1	-1	-1	-1	15	-1	-1	-1	-1	6	0	1		3000	-1	-1	我填了
238	万血咒配方	30201005	1	16	9	20304013	1	20101017	1	20306028	1	-1	-1	-1	-1	-1	19	-1	-1	-1	-1	6	0	1		3000	-1	-1	我填了
239	小魔咒配方	30201006	1	16	2	20304006	1	20101002	1	-1	-1	-1	-1	-1	-1	-1	5	-1	-1	-1	-1	6	0	1		3000	-1	-1	我填了
240	大魔咒配方	30201007	1	16	4	20304008	1	20101006	1	-1	-1	-1	-1	-1	-1	-1	9	-1	-1	-1	-1	6	0	1		3000	-1	-1	我填了
241	地魔咒配方	30201008	1	16	6	20304010	1	20101010	1	-1	-1	-1	-1	-1	-1	-1	13	-1	-1	-1	-1	6	0	1		3000	-1	-1	我填了
242	鬼魔咒配方	30201009	1	16	8	20304012	1	20101014	1	-1	-1	-1	-1	-1	-1	-1	17	-1	-1	-1	-1	6	0	1		3000	-1	-1	我填了
243	天魔咒配方	30201010	1	16	10	20304014	1	20101018	1	20306028	1	-1	-1	-1	-1	-1	21	-1	-1	3600000	-1	6	0	1		3000	-1	-1	我填了
244	大力舍利配方	30202001	1	11	1	20101003	1	20304001	1	-1	-1	-1	-1	-1	-1	3	-1	-1	-1	-1	-1	11	0	1		3000	-1	-1	我填了
245	象力舍利配方	30202002	1	11	4	20101010	1	20304002	1	-1	-1	-1	-1	-1	-1	9	-1	-1	-1	-1	-1	11	0	1		3000	-1	-1	我填了
246	神力舍利配方	30202003	1	11	7	20101017	1	20304002	1	-1	-1	-1	-1	-1	-1	15	-1	-1	-1	-1	-1	11	0	1		3000	-1	-1	我填了
247	小战火配方	30202004	1	12	1	20101002	1	20304003	1	-1	-1	-1	-1	-1	-1	3	-1	-1	-1	-1	-1	12	0	1		3000	-1	-1	我填了
248	狼烟火配方	30202005	1	12	4	20101009	1	20304004	1	-1	-1	-1	-1	-1	-1	9	-1	-1	-1	-1	-1	12	0	1		3000	-1	-1	我填了
249	连天火配方	30202006	1	12	7	20101016	1	20304004	1	-1	-1	-1	-1	-1	-1	15	-1	-1	-1	-1	-1	12	0	1		3000	-1	-1	我填了
250	花子蚂蚁酒配方	30202007	1	13	1	20101003	1	20304005	1	-1	-1	-1	-1	-1	-1	3	-1	-1	-1	-1	-1	13	0	1		3000	-1	-1	我填了
251	花子蜈蚣酒配方	30202008	1	13	4	20101010	1	20304008	1	-1	-1	-1	-1	-1	-1	9	-1	-1	-1	-1	-1	13	0	1		3000	-1	-1	我填了
252	花子蟒蛇酒配方	30202009	1	13	7	20101017	1	20304011	1	-1	-1	-1	-1	-1	-1	15	-1	-1	-1	-1	-1	13	0	1		3000	-1	-1	我填了
253	通灵丹配方	30202010	1	18	1	20101002	1	20301001	1	-1	-1	-1	-1	-1	-1	3	-1	-1	-1	-1	-1	18	0	1		3000	-1	-1	我填了
254	太极丹配方	30202011	1	18	4	20101009	1	20301002	1	-1	-1	-1	-1	-1	-1	9	-1	-1	-1	-1	-1	18	0	1		3000	-1	-1	我填了
255	圣灵丹配方	30202012	1	18	7	20101016	1	20301003	1	-1	-1	-1	-1	-1	-1	15	-1	-1	-1	-1	-1	18	0	1		3000	-1	-1	我填了
256	通灵帖配方	30202013	1	19	1	20101003	1	20304017	1	-1	-1	-1	-1	-1	-1	3	-1	-1	-1	-1	-1	19	0	1		3000	-1	-1	我填了
257	太极帖配方	30202014	1	19	4	20101010	1	20304018	1	-1	-1	-1	-1	-1	-1	9	-1	-1	-1	-1	-1	19	0	1		3000	-1	-1	我填了
258	圣灵帖配方	30202015	1	19	7	20101017	1	20304019	1	-1	-1	-1	-1	-1	-1	15	-1	-1	-1	-1	-1	19	0	1		3000	-1	-1	我填了
259	通灵蛊配方	30202016	1	15	1	20101002	1	20304005	1	-1	-1	-1	-1	-1	-1	-1	3	-1	-1	-1	-1	15	0	1		3000	-1	-1	我填了
260	太极蛊配方	30202017	1	15	4	20101009	1	20304008	1	-1	-1	-1	-1	-1	-1	-1	9	-1	-1	-1	-1	15	0	1		3000	-1	-1	我填了
261	圣灵蛊配方	30202018	1	15	7	20101016	1	20304011	1	-1	-1	-1	-1	-1	-1	-1	15	-1	-1	-1	-1	15	0	1		3000	-1	-1	我填了
262	壮骨晶配方	30202019	1	14	1	20101003	1	20304020	1	-1	-1	-1	-1	-1	-1	-1	3	-1	-1	-1	-1	14	0	1		3000	-1	-1	我填了
263	强身晶配方	30202020	1	14	4	20101010	1	20304021	1	-1	-1	-1	-1	-1	-1	-1	9	-1	-1	-1	-1	14	0	1		3000	-1	-1	我填了
264	护体晶配方	30202021	1	14	7	20101017	1	20304022	1	-1	-1	-1	-1	-1	-1	-1	15	-1	-1	-1	-1	14	0	1		3000	-1	-1	我填了
265	壮骨舍利配方	30202022	1	11	1	20101002	1	20304001	1	-1	-1	-1	-1	-1	-1	3	-1	-1	-1	-1	-1	11	0	1		3000	-1	-1	我填了
266	强身舍利配方	30202023	1	11	4	20101009	1	20304002	1	-1	-1	-1	-1	-1	-1	9	-1	-1	-1	-1	-1	11	0	1		3000	-1	-1	我填了
267	护体舍利配方	30202024	1	11	7	20101016	1	20304002	1	-1	-1	-1	-1	-1	-1	15	-1	-1	-1	-1	-1	11	0	1		3000	-1	-1	我填了
268	壮骨丹配方	30202025	1	18	1	20101003	1	20301001	1	-1	-1	-1	-1	-1	-1	3	-1	-1	-1	-1	-1	18	0	1		3000	-1	-1	我填了
269	强身丹配方	30202026	1	18	4	20101010	1	20301002	1	-1	-1	-1	-1	-1	-1	9	-1	-1	-1	-1	-1	18	0	1		3000	-1	-1	我填了
270	护体丹配方	30202027	1	18	7	20101017	1	20301003	1	-1	-1	-1	-1	-1	-1	15	-1	-1	-1	-1	-1	18	0	1		3000	-1	-1	我填了
271	壮骨帖配方	30202028	1	19	1	20101002	1	20304017	1	-1	-1	-1	-1	-1	-1	3	-1	-1	-1	-1	-1	19	0	1		3000	-1	-1	我填了
272	强身帖配方	30202029	1	19	4	20101009	1	20304018	1	-1	-1	-1	-1	-1	-1	9	-1	-1	-1	-1	-1	19	0	1		3000	-1	-1	我填了
273	护体帖配方	30202030	1	19	7	20101016	1	20304019	1	-1	-1	-1	-1	-1	-1	15	-1	-1	-1	-1	-1	19	0	1		3000	-1	-1	我填了
274	壮骨蛊配方	30202031	1	15	1	20101003	1	20304005	1	-1	-1	-1	-1	-1	-1	-1	3	-1	-1	-1	-1	15	0	1		3000	-1	-1	我填了
275	强身蛊配方	30202032	1	15	4	20101010	1	20304008	1	-1	-1	-1	-1	-1	-1	-1	9	-1	-1	-1	-1	15	0	1		3000	-1	-1	我填了
276	护体蛊配方	30202033	1	15	7	20101017	1	20304011	1	-1	-1	-1	-1	-1	-1	-1	15	-1	-1	-1	-1	15	0	1		3000	-1	-1	我填了
277	灵巧蛊配方	30202034	1	15	1	20101002	1	20304005	1	-1	-1	-1	-1	-1	-1	-1	3	-1	-1	-1	-1	15	0	1		3000	-1	-1	我填了
278	燕行蛊配方	30202035	1	15	4	20101009	1	20304008	1	-1	-1	-1	-1	-1	-1	-1	9	-1	-1	-1	-1	15	0	1		3000	-1	-1	我填了
279	神行蛊配方	30202036	1	15	7	20101016	1	20304011	1	-1	-1	-1	-1	-1	-1	-1	15	-1	-1	-1	-1	15	0	1		3000	-1	-1	我填了
280	灵巧火配方	30202037	1	12	1	20101003	1	20304003	1	-1	-1	-1	-1	-1	-1	3	-1	-1	-1	-1	-1	12	0	1		3000	-1	-1	我填了
281	燕行火配方	30202038	1	12	4	20101010	1	20304004	1	-1	-1	-1	-1	-1	-1	9	-1	-1	-1	-1	-1	12	0	1		3000	-1	-1	我填了
282	神行火配方	30202039	1	12	7	20101017	1	20304004	1	-1	-1	-1	-1	-1	-1	15	-1	-1	-1	-1	-1	12	0	1		3000	-1	-1	我填了
283	灵巧酒配方	30202040	1	13	1	20101002	1	20304005	1	-1	-1	-1	-1	-1	-1	3	-1	-1	-1	-1	-1	13	0	1		3000	-1	-1	我填了
284	燕行酒配方	30202041	1	13	4	20101009	1	20304008	1	-1	-1	-1	-1	-1	-1	9	-1	-1	-1	-1	-1	13	0	1		3000	-1	-1	我填了
285	神行酒配方	30202042	1	13	7	20101016	1	20304011	1	-1	-1	-1	-1	-1	-1	15	-1	-1	-1	-1	-1	13	0	1		3000	-1	-1	我填了
286	灵巧帖配方	30202043	1	19	1	20101003	1	20304017	1	-1	-1	-1	-1	-1	-1	3	-1	-1	-1	-1	-1	19	0	1		3000	-1	-1	我填了
287	燕行帖配方	30202044	1	19	4	20101010	1	20304018	1	-1	-1	-1	-1	-1	-1	9	-1	-1	-1	-1	-1	19	0	1		3000	-1	-1	我填了
288	神行帖配方	30202045	1	19	7	20101017	1	20304019	1	-1	-1	-1	-1	-1	-1	15	-1	-1	-1	-1	-1	19	0	1		3000	-1	-1	我填了
289	灵巧晶配方	30202046	1	14	1	20101002	1	20304020	1	-1	-1	-1	-1	-1	-1	-1	3	-1	-1	-1	-1	14	0	1		3000	-1	-1	我填了
290	燕行晶配方	30202047	1	14	4	20101009	1	20304021	1	-1	-1	-1	-1	-1	-1	-1	9	-1	-1	-1	-1	14	0	1		3000	-1	-1	我填了
291	神行晶配方	30202048	1	14	7	20101016	1	20304022	1	-1	-1	-1	-1	-1	-1	-1	15	-1	-1	-1	-1	14	0	1		3000	-1	-1	我填了
292	小佛舍利配方	30202049	1	11	1	20101003	1	20304001	1	-1	-1	-1	-1	-1	-1	3	-1	-1	-1	-1	-1	11	0	1		3000	-1	-1	我填了
293	大佛舍利配方	30202050	1	11	4	20101010	1	20304002	1	-1	-1	-1	-1	-1	-1	9	-1	-1	-1	-1	-1	11	0	1		3000	-1	-1	我填了
294	弥勒舍利配方	30202051	1	11	7	20101017	1	20304002	1	-1	-1	-1	-1	-1	-1	15	-1	-1	-1	-1	-1	11	0	1		3000	-1	-1	我填了
295	闪避蛊配方	30202052	1	15	3	20101002	1	20304008	1	-1	-1	-1	-1	-1	-1	-1	7	-1	-1	-1	-1	15	0	1		3000	-1	-1	我填了
296	躲闪蛊配方	30202053	1	15	6	20101009	1	20304011	1	-1	-1	-1	-1	-1	-1	-1	13	-1	-1	-1	-1	15	0	1		3000	-1	-1	我填了
297	菩提舍利配方	30202054	1	11	3	20101003	1	20304001	1	-1	-1	-1	-1	-1	-1	7	-1	-1	-1	-1	-1	11	0	1		3000	-1	-1	我填了
298	罗汉舍利配方	30202055	1	11	6	20101010	1	20304002	1	-1	-1	-1	-1	-1	-1	13	-1	-1	-1	-1	-1	11	0	1		3000	-1	-1	我填了
299	精炼火配方	30202056	1	12	2	20101003	1	20304003	1	-1	-1	-1	-1	-1	-1	5	-1	-1	-1	-1	-1	12	0	1		3000	-1	-1	我填了
300	赤炼火配方	30202057	1	12	5	20101010	1	20304004	1	-1	-1	-1	-1	-1	-1	11	-1	-1	-1	-1	-1	12	0	1		3000	-1	-1	我填了
301	神炼火配方	30202058	1	12	8	20101017	1	20304004	1	-1	-1	-1	-1	-1	-1	17	-1	-1	-1	-1	-1	12	0	1		3000	-1	-1	我填了
302	玄防虫酒配方	30202059	1	13	1	20101004	1	20304005	1	-1	-1	-1	-1	-1	-1	3	-1	-1	-1	-1	-1	13	0	1		3000	-1	-1	我填了
303	玄防药酒配方	30202060	1	13	3	20101007	1	20304008	1	-1	-1	-1	-1	-1	-1	7	-1	-1	-1	-1	-1	13	0	1		3000	-1	-1	我填了
304	玄防蛇酒配方	30202061	1	13	5	20101010	1	20304011	1	-1	-1	-1	-1	-1	-1	11	-1	-1	-1	-1	-1	13	0	1		3000	-1	-1	我填了
305	花子虫酒配方	30202062	1	13	7	20101013	1	20304010	1	-1	-1	-1	-1	-1	-1	15	-1	-1	-1	-1	-1	13	0	1		3000	-1	-1	我填了
306	花子蛇酒配方	30202063	1	13	9	20101016	1	20304013	1	20306026	1	-1	-1	-1	-1	19	-1	-1	-1	3600000	-1	13	0	1		3000	-1	-1	我填了
307	瘴气毒配方	30202064	1	16	2	20101004	1	20304005	1	-1	-1	-1	-1	-1	-1	-1	5	-1	-1	-1	-1	16	0	1		3000	-1	-1	我填了
308	寒湿毒配方	30202065	1	16	5	20101010	1	20304008	1	-1	-1	-1	-1	-1	-1	-1	11	-1	-1	-1	-1	16	0	1		3000	-1	-1	我填了
309	云气毒配方	30202066	1	16	8	20101016	1	20304011	1	-1	-1	-1	-1	-1	-1	-1	17	-1	-1	-1	-1	16	0	1		3000	-1	-1	我填了
310	铜皮丹配方	30202067	1	18	2	20101004	1	20301001	1	-1	-1	-1	-1	-1	-1	5	-1	-1	-1	-1	-1	18	0	1		3000	-1	-1	我填了
311	铁皮丹配方	30202068	1	18	5	20101010	1	20301002	1	-1	-1	-1	-1	-1	-1	11	-1	-1	-1	-1	-1	18	0	1		3000	-1	-1	我填了
312	龙骨丹配方	30202069	1	18	8	20101016	1	20301003	1	-1	-1	-1	-1	-1	-1	17	-1	-1	-1	-1	-1	18	0	1		3000	-1	-1	我填了
313	远山帖配方	30202070	1	19	2	20101004	1	20304017	1	-1	-1	-1	-1	-1	-1	5	-1	-1	-1	-1	-1	19	0	1		3000	-1	-1	我填了
314	流云帖配方	30202071	1	19	5	20101010	1	20304018	1	-1	-1	-1	-1	-1	-1	11	-1	-1	-1	-1	-1	19	0	1		3000	-1	-1	我填了
315	残阳帖配方	30202072	1	19	8	20101016	1	20304019	1	-1	-1	-1	-1	-1	-1	17	-1	-1	-1	-1	-1	19	0	1		3000	-1	-1	我填了
316	水镜符配方	30202073	1	17	2	20101004	1	20304017	1	-1	-1	-1	-1	-1	-1	-1	5	-1	-1	-1	-1	17	0	1		3000	-1	-1	我填了
317	寒冰符配方	30202074	1	17	5	20101010	1	20304018	1	-1	-1	-1	-1	-1	-1	-1	11	-1	-1	-1	-1	17	0	1		3000	-1	-1	我填了
318	玄冰符配方	30202075	1	17	8	20101016	1	20304019	1	-1	-1	-1	-1	-1	-1	-1	17	-1	-1	-1	-1	17	0	1		3000	-1	-1	我填了
319	避电符配方	30202076	1	17	2	20101004	1	20304017	1	-1	-1	-1	-1	-1	-1	-1	5	-1	-1	-1	-1	17	0	1		3000	-1	-1	我填了
320	避雷符配方	30202077	1	17	5	20101010	1	20304018	1	-1	-1	-1	-1	-1	-1	-1	11	-1	-1	-1	-1	17	0	1		3000	-1	-1	我填了
321	无电符配方	30202078	1	17	8	20101016	1	20304019	1	-1	-1	-1	-1	-1	-1	-1	17	-1	-1	-1	-1	17	0	1		3000	-1	-1	我填了
322	避火符配方	30202079	1	17	3	20101004	1	20304017	1	-1	-1	-1	-1	-1	-1	-1	7	-1	-1	-1	-1	17	0	1		3000	-1	-1	我填了
323	避炎符配方	30202080	1	17	6	20101010	1	20304018	1	-1	-1	-1	-1	-1	-1	-1	13	-1	-1	-1	-1	17	0	1		3000	-1	-1	我填了
324	避焱符配方	30202081	1	17	9	20101016	1	20304019	1	20306022	1	-1	-1	-1	-1	-1	19	-1	-1	3600000	-1	17	0	1		3000	-1	-1	我填了
325	避毒符配方	30202082	1	17	3	20101004	1	20304017	1	-1	-1	-1	-1	-1	-1	-1	7	-1	-1	-1	-1	17	0	1		3000	-1	-1	我填了
326	避瘴符配方	30202083	1	17	6	20101010	1	20304018	1	-1	-1	-1	-1	-1	-1	-1	13	-1	-1	-1	-1	17	0	1		3000	-1	-1	我填了
327	避鬼符配方	30202084	1	17	9	20101016	1	20304019	1	20306024	1	-1	-1	-1	-1	-1	19	-1	-1	3600000	-1	17	0	1		3000	-1	-1	我填了
328	金体帖（勿用）配方	30202085	1	19	2	20101004	1	20304017	1	-1	-1	-1	-1	-1	-1	5	-1	-1	-1	-1	-1	19	0	1		3000	-1	-1	我填了
329	玉体帖（勿用）配方	30202086	1	19	5	20101010	1	20304018	1	-1	-1	-1	-1	-1	-1	11	-1	-1	-1	-1	-1	19	0	1		3000	-1	-1	我填了
330	达摩帖（勿用）配方	30202087	1	19	8	20101016	1	20304019	1	-1	-1	-1	-1	-1	-1	17	-1	-1	-1	-1	-1	19	0	1		3000	-1	-1	我填了
331	微风帖配方	30202088	1	19	3	20101004	1	20304017	1	-1	-1	-1	-1	-1	-1	7	-1	-1	-1	-1	-1	19	0	1		3000	-1	-1	我填了
332	疾风帖配方	30202089	1	19	6	20101010	1	20304018	1	-1	-1	-1	-1	-1	-1	13	-1	-1	-1	-1	-1	19	0	1		3000	-1	-1	我填了
333	狂风帖配方	30202090	1	19	9	20101016	1	20304019	1	20306027	1	-1	-1	-1	-1	19	-1	-1	-1	3600000	-1	19	0	1		3000	-1	-1	我填了
334	慈悲晶配方	30202091	1	14	1	20101004	1	20304020	1	-1	-1	-1	-1	-1	-1	-1	3	-1	-1	-1	-1	14	0	1		3000	-1	-1	我填了
335	甘霖晶配方	30202092	1	14	3	20101007	1	20304021	1	-1	-1	-1	-1	-1	-1	-1	7	-1	-1	-1	-1	14	0	1		3000	-1	-1	我填了
336	普度晶配方	30202093	1	14	5	20101010	1	20304021	1	-1	-1	-1	-1	-1	-1	-1	11	-1	-1	-1	-1	14	0	1		3000	-1	-1	我填了
337	滑冰晶配方	30202094	1	14	7	20101013	1	20304022	1	-1	-1	-1	-1	-1	-1	-1	15	-1	-1	-1	-1	14	0	1		3000	-1	-1	我填了
338	雪冰晶配方	30202095	1	14	9	20101016	1	20304022	1	20306029	1	-1	-1	-1	-1	-1	19	-1	-1	3600000	-1	14	0	1		3000	-1	-1	我填了
339	水寒符配方	30203001	1	17	3	20101004	1	20304017	1	-1	-1	-1	-1	-1	-1	-1	7	-1	-1	-1	-1	17	0	1		3000	-1	-1	我填了
340	冰寒符配方	30203002	1	17	6	20101010	1	20304018	1	-1	-1	-1	-1	-1	-1	-1	13	-1	-1	-1	-1	17	0	1		3000	-1	-1	我填了
341	天寒符配方	30203003	1	17	9	20101016	1	20304019	1	20306024	1	-1	-1	-1	-1	-1	19	-1	-1	3600000	-1	17	0	1		3000	-1	-1	我填了
342	小冰晶配方	30203004	1	14	3	20101004	1	20304020	1	-1	-1	-1	-1	-1	-1	-1	7	-1	-1	-1	-1	14	0	1		3000	-1	-1	我填了
343	海冰晶配方	30203005	1	14	6	20101010	1	20304021	1	-1	-1	-1	-1	-1	-1	-1	13	-1	-1	-1	-1	14	0	1		3000	-1	-1	我填了
344	天冰晶配方	30203006	1	14	9	20101016	1	20304022	1	20306029	1	-1	-1	-1	-1	-1	19	-1	-1	3600000	-1	14	0	1		3000	-1	-1	我填了
345	佛陀舍利配方	30203007	1	11	3	20101004	1	20304001	1	-1	-1	-1	-1	-1	-1	7	-1	-1	-1	-1	-1	11	0	1		3000	-1	-1	我填了
346	大陀舍利配方	30203008	1	11	6	20101010	1	20304002	1	-1	-1	-1	-1	-1	-1	13	-1	-1	-1	-1	-1	11	0	1		3000	-1	-1	我填了
347	佛明舍利配方	30203009	1	11	9	20101016	1	20304002	1	20306021	1	-1	-1	-1	-1	19	-1	-1	-1	3600000	-1	11	0	1		3000	-1	-1	我填了
348	辉玄丹配方	30203010	1	18	3	20101004	1	20301001	1	-1	-1	-1	-1	-1	-1	7	-1	-1	-1	-1	-1	18	0	1		3000	-1	-1	我填了
349	星玄丹配方	30203011	1	18	6	20101010	1	20301002	1	-1	-1	-1	-1	-1	-1	13	-1	-1	-1	-1	-1	18	0	1		3000	-1	-1	我填了
350	月玄丹配方	30203012	1	18	9	20101016	1	20301003	1	20306023	1	-1	-1	-1	-1	19	-1	-1	-1	3600000	-1	18	0	1		3000	-1	-1	我填了
351	烈火配方	30203013	1	12	3	20101004	1	20304003	1	-1	-1	-1	-1	-1	-1	7	-1	-1	-1	-1	-1	12	0	1		3000	-1	-1	我填了
352	真火配方	30203014	1	12	6	20101010	1	20304004	1	-1	-1	-1	-1	-1	-1	13	-1	-1	-1	-1	-1	12	0	1		3000	-1	-1	我填了
353	圣火配方	30203015	1	12	9	20101016	1	20304004	1	20306022	1	-1	-1	-1	-1	19	-1	-1	-1	3600000	-1	12	0	1		3000	-1	-1	我填了
354	电火帖配方	30203016	1	19	3	20101004	1	20304017	1	-1	-1	-1	-1	-1	-1	7	-1	-1	-1	-1	-1	19	0	1		3000	-1	-1	我填了
355	雷火帖配方	30203017	1	19	6	20101010	1	20304018	1	-1	-1	-1	-1	-1	-1	13	-1	-1	-1	-1	-1	19	0	1		3000	-1	-1	我填了
356	天火帖配方	30203018	1	19	9	20101016	1	20304019	1	20306027	1	-1	-1	-1	-1	19	-1	-1	-1	3600000	-1	19	0	1		3000	-1	-1	我填了
357	虫毒配方	30203019	1	16	3	20101004	1	20304005	1	-1	-1	-1	-1	-1	-1	-1	7	-1	-1	-1	-1	16	0	1		3000	-1	-1	我填了
358	尸毒配方	30203020	1	16	6	20101010	1	20304008	1	-1	-1	-1	-1	-1	-1	-1	13	-1	-1	-1	-1	16	0	1		3000	-1	-1	我填了
359	鬼毒配方	30203021	1	16	9	20101016	1	20304011	1	20306028	1	-1	-1	-1	-1	-1	19	-1	-1	3600000	-1	16	0	1		3000	-1	-1	我填了
360	花子蜘蛛酒配方	30203022	1	13	3	20101004	1	20304007	1	-1	-1	-1	-1	-1	-1	7	-1	-1	-1	-1	-1	13	0	1		3000	-1	-1	我填了
361	花子毒蝎酒配方	30203023	1	13	6	20101010	1	20304009	1	-1	-1	-1	-1	-1	-1	13	-1	-1	-1	-1	-1	13	0	1		3000	-1	-1	我填了
362	花子毒蛇酒配方	30203024	1	13	9	20101016	1	20304011	1	20306026	1	-1	-1	-1	-1	19	-1	-1	-1	3600000	-1	13	0	1		3000	-1	-1	我填了
363	地火配方	30203025	1	12	3	20101004	1	20304003	1	-1	-1	-1	-1	-1	-1	7	-1	-1	-1	-1	-1	12	0	1		3000	-1	-1	我填了
364	天火配方	30203026	1	12	6	20101010	1	20304004	1	-1	-1	-1	-1	-1	-1	13	-1	-1	-1	-1	-1	12	0	1		3000	-1	-1	我填了
365	冥火配方	30203027	1	12	9	20101016	1	20304004	1	20306022	1	-1	-1	-1	-1	19	-1	-1	-1	3600000	-1	12	0	1		3000	-1	-1	我填了
366	人意帖配方	30203028	1	19	3	20101004	1	20304017	1	-1	-1	-1	-1	-1	-1	7	-1	-1	-1	-1	-1	19	0	1		3000	-1	-1	我填了
367	地意帖配方	30203029	1	19	6	20101010	1	20304018	1	-1	-1	-1	-1	-1	-1	13	-1	-1	-1	-1	-1	19	0	1		3000	-1	-1	我填了
368	天意帖配方	30203030	1	19	9	20101016	1	20304019	1	20306027	1	-1	-1	-1	-1	19	-1	-1	-1	3600000	-1	19	0	1		3000	-1	-1	我填了
369	觅人晶配方	30203031	1	14	3	20101004	1	20304020	1	-1	-1	-1	-1	-1	-1	-1	7	-1	-1	-1	-1	14	0	1		3000	-1	-1	我填了
370	觅物晶配方	30203032	1	14	6	20101010	1	20304021	1	-1	-1	-1	-1	-1	-1	-1	13	-1	-1	-1	-1	14	0	1		3000	-1	-1	我填了
371	觅心晶配方	30203033	1	14	9	20101016	1	20304022	1	20306029	1	-1	-1	-1	-1	-1	19	-1	-1	3600000	-1	14	0	1		3000	-1	-1	我填了
372	鹰眼蛊配方	30203034	1	15	3	20101004	1	20304005	1	-1	-1	-1	-1	-1	-1	-1	7	-1	-1	-1	-1	15	0	1		3000	-1	-1	我填了
373	天眼蛊配方	30203035	1	15	6	20101010	1	20304008	1	-1	-1	-1	-1	-1	-1	-1	13	-1	-1	-1	-1	15	0	1		3000	-1	-1	我填了
374	神眼蛊配方	30203036	1	15	9	20101016	1	20304011	1	20306025	1	-1	-1	-1	-1	-1	19	-1	-1	3600000	-1	15	0	1		3000	-1	-1	我填了
375	赦免舍利配方	30204001	1	11	5	20101014	1	20304002	1	-1	-1	-1	-1	-1	-1	11	-1	-1	-1	-1	-1	11	0	1		3000	-1	-1	我填了
376	荣焰火配方	30204002	1	12	5	20101014	1	20304004	1	-1	-1	-1	-1	-1	-1	11	-1	-1	-1	-1	-1	12	0	1		3000	-1	-1	我填了
377	苏醒酒配方	30204003	1	13	5	20101014	1	20304009	1	-1	-1	-1	-1	-1	-1	11	-1	-1	-1	-1	-1	13	0	1		3000	-1	-1	我填了
378	无畏符配方	30204004	1	17	5	20101013	1	20304019	1	-1	-1	-1	-1	-1	-1	-1	11	-1	-1	-1	-1	17	0	1		3000	-1	-1	我填了
379	百化毒配方	30204005	1	16	5	20101013	1	20304008	1	-1	-1	-1	-1	-1	-1	-1	11	-1	-1	-1	-1	18	0	1		3000	-1	-1	我填了
380	除病丹配方	30204006	1	18	5	20101013	1	20301002	1	-1	-1	-1	-1	-1	-1	11	-1	-1	-1	-1	-1	12	0	1		3000	-1	-1	我填了
381	愈体晶配方	30204007	1	14	5	20101015	1	20304021	1	-1	-1	-1	-1	-1	-1	-1	11	-1	-1	-1	-1	14	0	1		3000	-1	-1	我填了
382	清醒帖配方	30204008	1	19	5	20101015	1	20304018	1	-1	-1	-1	-1	-1	-1	11	-1	-1	-1	-1	-1	19	0	1		3000	-1	-1	我填了
383	百脉蛊配方	30204009	1	15	5	20101015	1	20304008	1	-1	-1	-1	-1	-1	-1	-1	11	-1	-1	-1	-1	15	0	1		3000	-1	-1	我填了
384	多嘴酒配方	30205001	1	13	7	20101020	1	20304011	1	-1	-1	-1	-1	-1	-1	15	-1	-1	-1	-1	-1	13	0	1		3000	-1	-1	我填了
385	焰毒配方	30205002	1	16	7	20101020	1	20304008	1	-1	-1	-1	-1	-1	-1	-1	15	-1	-1	-1	-1	16	0	1		3000	-1	-1	我填了
386	如来舍利配方	30205003	1	11	7	20101020	1	20304002	1	-1	-1	-1	-1	-1	-1	15	-1	-1	-1	-1	-1	11	0	1		3000	-1	-1	我填了
387	玄冰晶配方	30205004	1	14	7	20101021	1	20304021	1	-1	-1	-1	-1	-1	-1	-1	15	-1	-1	-1	-1	14	0	1		3000	-1	-1	我填了
388	龙睛蛊配方	30205005	1	15	7	20101021	1	20304008	1	-1	-1	-1	-1	-1	-1	-1	15	-1	-1	-1	-1	15	0	1		3000	-1	-1	我填了
389	波光符配方	30205006	1	17	7	20101021	1	20304019	1	-1	-1	-1	-1	-1	-1	-1	15	-1	-1	-1	-1	17	0	1		3000	-1	-1	我填了
390	凝毒晶配方	30205007	1	14	7	20101022	1	20304021	1	-1	-1	-1	-1	-1	-1	-1	15	-1	-1	-1	-1	14	0	1		3000	-1	-1	我填了
391	愈合舍利配方	30205008	1	11	7	20101022	1	20304002	1	-1	-1	-1	-1	-1	-1	15	-1	-1	-1	-1	-1	11	0	1		3000	-1	-1	我填了
392	花子冰酒配方	30205009	1	13	7	20101022	1	20304011	1	-1	-1	-1	-1	-1	-1	15	-1	-1	-1	-1	-1	13	0	1		3000	-1	-1	我填了
393	补缺帖配方	30205010	1	19	7	20101023	1	20304018	1	-1	-1	-1	-1	-1	-1	15	-1	-1	-1	-1	-1	19	0	1		3000	-1	-1	我填了
394	健体舍利配方	30205011	1	11	7	20101023	1	20304002	1	-1	-1	-1	-1	-1	-1	15	-1	-1	-1	-1	-1	11	0	1		3000	-1	-1	我填了
395	暖意火配方	30205012	1	12	7	20101023	1	20304004	1	-1	-1	-1	-1	-1	-1	15	-1	-1	-1	-1	-1	12	0	1		3000	-1	-1	我填了
396	速行鞋配方	30505001	1	6	5	20103007	1	20304004	1	-1	-1	-1	-1	-1	-1	-1	11	-1	-1	-1	-1	6	0	1		3000	-1	-1	我填了
397	绣球配方	30601001	1	1	5	20105006	1	20107010	1	-1	-1	-1	-1	-1	-1	11	-1	-1	-1	-1	-1	1	0	1		3000	-1	-1	我填了
398	馒头配方	30101001	1	1	1	-1	-1	-1	-1	-1	-1	-1	-1	-1	-1	3	-1	-1	-1	-1	-1	1	0	0		3000	-1	30101001	我填了
