INT	INT	INT	STRING	STRING	INT	INT	INT	INT	INT	INT	INT	INT	INT	INT	INT	INT	STRING	STRING	INT	INT	INT	INT	INT	INT	INT	INT	INT	INT	INT	INT	INT	INT	STRING	INT	INT	INT	FLOAT	FLOAT	INT	INT	INT	INT	INT	INT	INT	INT	INT	INT	FLOAT	FLOAT	INT	INT	INT	INT	INT	INT	INT	INT	INT	INT	INT	INT	INT	INT	INT	INT	STRING
ID，（技能系的ID）	策划专用ID	门派	技能名字	图标名字	该技能最大等级	招式类型	需要拿武器	受限于控制1	受限于控制2	受限于骑乘/变身	技能系	心法级数修正参数	是否是远程技能	是否打断上一个正在执行的技能	技能类型	冷却ID	引导/聚气动作组ID 序列	发招动作组ID序列	环境特效ID	所选的目标必须是活的还是死的	技能类型按使用者划分	主动技能还是被动技能	鼠标点选操作类型	"宠物技能发动类型 0:主人手动点选,1:AI自动执行,2:增强自身属性的被动技能"	"技能发动几率,只对宠物技能有效"	"宠物技能类型,0:物功,1:法功,2:护主,3:防御,4:复仇;"	宠物技能产生的效果ID	预留1	预留2	预留3	预留4	子弹ID	子弹发射点	预留	目标选择逻辑	动作时间(ms)	最小射程(m)	最大射程(m)	技能友好度，=0为中性技能，>0为正面技能，<0为 负面技能	目标和使用者阵营关系	目标类型	是否仅对队友有效。注：队友宠物算作队友。1为只对队友有效，0为无此限制。	连续攻击次数或引导的时间间隔(ms)	是否自动连续释放	命中率	会心率	角色的攻击速度是否影响技能的冷却时间。	激活时间	范围半径	角度参量	范围搜索的目标个数	预留5	本技能是否打断自动释放技能	延迟时间（暂时不用）	心法1级对应的实际技能ID	心法2级对应的实际技能ID	心法3级对应的实际技能ID	心法4级对应的实际技能ID	心法5级对应的实际技能ID	心法6级对应的实际技能ID	心法7级对应的实际技能ID	心法8级对应的实际技能ID	心法9级对应的实际技能ID	心法10级对应的实际技能ID	心法11级对应的实际技能ID	心法12级对应的实际技能ID	技能描述
0	0	-1	普通攻击	TaskTools2_13	-1	0	0	1	0	1	-1	-1	0	0	2	50		162;163;164	-1	0	0	0	1	-1	-1	-1	-1	-1	-1	-1	-1	-1		-1	5	1200	0	2	-1	1	-1	0	0	1	-1	-1	1	-1	0	0	0	-1	1	0	0	0	0	0	0	0	0	0	0	0	0	0	以拳脚与速度给予对手打击
1	0	-1	捉宠	PetSkill3_7	-1	0	0	1	0	1	-1	-1	-1	0	0	91	188	0	-1	0	0	0	1	-1	-1	-1	-1	-1	-1	-1	-1	-1		-1	5	1200	0	8	0	-1	-1	0	0	0	100	-1	0	-1	0	0	0	-1	1	0	1	1	1	1	1	1	1	1	1	1	1	1	捕捉宠物
2	0	-1	宠物出战	PetSkill3_7	-1	0	0	1	0	1	-1	-1	-1	0	0	92	143	0	-1	0	3	0	0	-1	-1	-1	-1	-1	-1	-1	-1	-1		-1	0	1200	-1	-1	0	-1	-1	0	0	0	100	-1	0	-1	0	0	0	-1	1	0	2	2	2	2	2	2	2	2	2	2	2	2	召唤宠物参战
#3	0	-1	系统预留		-1	0	0	1	0	1	-1	-1	0	0	2	50		162;163;164	-1	0	0	0	1	-1	-1	-1	-1	-1	-1	-1	-1	-1		-1	5	1200	0	2	-1	1	-1	0	0	1	-1	-1	1	-1	0	0	0	-1	1	0	0	0	0	0	0	0	0	0	0	0	0	0	系统预留
#4	0	-1	系统预留		-1	0	0	1	0	1	-1	-1	0	0	2	50		162;163;164	-1	0	0	0	1	-1	-1	-1	-1	-1	-1	-1	-1	-1		-1	5	1200	0	2	-1	1	-1	0	0	1	-1	-1	1	-1	0	0	0	-1	1	0	0	0	0	0	0	0	0	0	0	0	0	0	系统预留
#5	0	-1	系统预留		-1	0	0	1	0	1	-1	-1	0	0	2	50		162;163;164	-1	0	0	0	1	-1	-1	-1	-1	-1	-1	-1	-1	-1		-1	5	1200	0	2	-1	1	-1	0	0	1	-1	-1	1	-1	0	0	0	-1	1	0	0	0	0	0	0	0	0	0	0	0	0	0	系统预留
#6	0	-1	系统预留		-1	0	0	1	0	1	-1	-1	0	0	2	50		162;163;164	-1	0	0	0	1	-1	-1	-1	-1	-1	-1	-1	-1	-1		-1	5	1200	0	2	-1	1	-1	0	0	1	-1	-1	1	-1	0	0	0	-1	1	0	0	0	0	0	0	0	0	0	0	0	0	0	系统预留
#7	0	-1	系统预留		-1	0	0	1	0	1	-1	-1	0	0	2	50		162;163;164	-1	0	0	0	1	-1	-1	-1	-1	-1	-1	-1	-1	-1		-1	5	1200	0	2	-1	1	-1	0	0	1	-1	-1	1	-1	0	0	0	-1	1	0	0	0	0	0	0	0	0	0	0	0	0	0	系统预留
#8	0	-1	系统预留		-1	0	0	1	0	1	-1	-1	0	0	2	50		162;163;164	-1	0	0	0	1	-1	-1	-1	-1	-1	-1	-1	-1	-1		-1	5	1200	0	2	-1	1	-1	0	0	1	-1	-1	1	-1	0	0	0	-1	1	0	0	0	0	0	0	0	0	0	0	0	0	0	系统预留
#9	0	-1	系统预留		-1	0	0	1	0	1	-1	-1	0	0	2	50		162;163;164	-1	0	0	0	1	-1	-1	-1	-1	-1	-1	-1	-1	-1		-1	5	1200	0	2	-1	1	-1	0	0	1	-1	-1	1	-1	0	0	0	-1	1	0	0	0	0	0	0	0	0	0	0	0	0	0	系统预留
#	#	分隔符	#	#	#	#	#	#	#	#	#	#	#	#	#	#	#	#	#	#	#	#	#	#	#	#	#	#	#	#	#	#		#	#	#	#	#	#	#	-1	#	#	#	#	#	#	#	#	#	#	#	#	#	#	#	#	#	#	#	#	#	#	#	#	#	#
51	0	-1	标准吃药（瞬发）	Food_1	-1	0	0	1	0	0	-1	-1	-1	0	2	70		185	-1	0	3	0	0	-1	-1	-1	-1	-1	-1	-1	-1	-1	 	-1	0	1200	-1	-1	1	0	-1	0	0	0	100	-1	0	-1	0	0	0	-1	1	0	101	101	101	101	101	101	101	101	101	101	101	101	标准吃药（瞬发）
52	0	-1	进餐	Food_1	-1	0	0	1	0	1	-1	-1	-1	0	1	74	186	186	-1	0	3	0	0	-1	-1	-1	-1	-1	-1	-1	-1	-1	 	-1	0	1200	-1	-1	1	0	-1	0	2000	0	100	-1	0	-1	0	0	0	-1	1	0	102	102	102	102	102	102	102	102	102	102	102	102	标准吃食物
53	0	-1	使用药膏	Food_1	-1	0	0	1	0	1	-1	-1	-1	0	1	71	143	143	-1	0	3	0	1	-1	-1	-1	-1	-1	-1	-1	-1	-1	 	-1	5	1200	-1	-1	1	0	-1	0	2000	0	100	-1	0	-1	0	0	0	-1	1	0	103	103	103	103	103	103	103	103	103	103	103	103	标准引导吃药
54	0	-1	召唤坐骑	Food_1	-1	0	0	1	0	1	-1	-1	-1	0	0	50	143	143	-1	0	3	0	0	-1	-1	-1	-1	-1	-1	-1	-1	-1	 	-1	0	1200	-1	-1	1	0	-1	0	0	0	100	-1	0	-1	0	0	0	-1	1	0	104	104	104	104	104	104	104	104	104	104	104	104	标准聚气使用坐骑
55	0	-1	学习配方	Food_1	-1	0	0	1	0	1	-1	-1	-1	0	0	50	143	124	-1	0	3	0	0	-1	-1	-1	-1	-1	-1	-1	-1	-1	 	-1	0	1200	-1	-1	1	0	-1	0	0	0	100	-1	0	-1	0	0	0	-1	1	0	105	105	105	105	105	105	105	105	105	105	105	105	标准聚气使用配方
56	0	-1	标准喂养宠物	Food_1	-1	0	0	1	0	1	-1	-1	-1	0	2	50		143	-1	0	3	0	0	-1	-1	-1	-1	-1	-1	-1	-1	-1	 	-1	1	1200	-1	-1	1	0	-1	0	0	0	100	-1	0	-1	0	0	0	-1	1	0	106	106	106	106	106	106	106	106	106	106	106	106	标准喂养宠物
57	0	-1	标准瞬发使用物品	Food_1	-1	0	0	1	0	1	-1	-1	-1	0	2	50		143	-1	0	3	0	0	-1	-1	-1	-1	-1	-1	-1	-1	-1	 	-1	0	1200	-1	-1	0	0	-1	0	0	0	100	-1	0	-1	0	0	0	-1	1	0	107	107	107	107	107	107	107	107	107	107	107	107	标准喂养宠物
58	0	-1	操作中	Food_1	-1	0	0	1	0	1	-1	-1	-1	0	0	50	143	143	-1	0	3	0	0	-1	-1	-1	-1	-1	-1	-1	-1	-1	 	-1	0	1200	-1	-1	1	0	-1	0	0	0	100	-1	0	-1	0	0	0	-1	1	0	108	108	108	108	108	108	108	108	108	108	108	108	标准聚气
241	0	-1	外功护体	FightSkillShaoLin2_16	-1	0	0	1	1	1	-1	-1	0	0	2	100		229	-1	0	0	0	0	-1	-1	-1	-1	-1	-1	-1	-1	-1		-1	0	1200	-1	-1	1	0	-1	0	0	0	100	-1	0	-1	0	0	0	-1	0	0	241	241	241	241	241	241	241	241	241	241	241	241	状态，增加自身外功防御10点，持续60S（消耗%MP）
242	100	-1	奋力打击	FightSkillMingJiao_1	-1	0	1	1	1	1	-1	-1	0	0	2	101		242	-1	0	0	0	1	-1	-1	-1	-1	-1	-1	-1	-1	-1		-1	5	1200	0	2	-1	1	-1	0	0	1	-1	-1	0	-1	0	0	0	-1	1	0	242	242	242	242	242	242	242	242	242	242	242	242	单体近身攻击（0~2M），增加外功攻击10点
243	200	-1	要害攻击	FightSkillGaiBang_1	-1	0	1	1	1	1	-1	-1	0	0	2	102		261	-1	0	0	0	1	-1	-1	-1	-1	-1	-1	-1	-1	-1		-1	5	1200	0	2	-1	1	-1	0	0	0	-1	-1	0	-1	0	0	0	-1	0	0	243	243	243	243	243	243	243	243	243	243	243	243	单体近身技能（0~2M），直接对目标产生10点伤害（消耗%MP）
244	300	-1	内劲攻击	FightSkillWuDang1_1	-1	0	1	1	1	1	-1	-1	0	0	2	103		282	-1	0	0	0	1	-1	-1	-1	-1	-1	-1	-1	-1	43	身体受击点	-1	5	1200	0	12	-1	1	-1	0	0	1	-1	-1	0	-1	0	0	0	-1	1	0	244	244	244	244	244	244	244	244	244	244	244	244	单体远程攻击（0~10M），增加内功攻击10点
245	400	-1	初级治疗	FightSkillEMei1_7	-1	0	0	1	1	1	-1	-1	0	0	0	104	302	310	-1	0	0	0	0	-1	-1	-1	-1	-1	-1	-1	-1	-1		-1	0	1200	0	12	1	0	-1	0	0	0	100	-1	0	-1	0	0	0	-1	0	0	245	245	245	245	245	245	245	245	245	245	245	245	增加自身HP50点（消耗%MP）
246	500	-1	内功护体	FightSkillXinXiu1_8	-1	0	0	1	1	1	-1	-1	0	0	2	105		313	-1	0	0	0	0	-1	-1	-1	-1	-1	-1	-1	-1	-1		-1	0	1200	-1	-1	1	0	-1	0	0	0	100	-1	0	-1	0	0	0	-1	0	0	246	246	246	246	246	246	246	246	246	246	246	246	状态，增加自身内功防御10点，持续60S（消耗%MP）
247	600	-1	破绽攻击	FightSkillDaLi_9	-1	0	1	1	1	1	-1	-1	0	0	2	106		343	-1	0	0	0	1	-1	-1	-1	-1	-1	-1	-1	-1	-1		-1	5	1200	0	12	-1	1	-1	0	0	0	-1	-1	0	-1	0	0	0	-1	0	0	247	247	247	247	247	247	247	247	247	247	247	247	单体远程技能（0~10M），被击中，目标进入破绽状态，外功、内功防御各下降10点，持续15S（消耗%MP）
248	700	-1	初级隐遁	FightSkillTianShan_13	-1	0	0	1	1	1	-1	-1	0	0	2	107		367	-1	0	0	0	0	-1	-1	-1	-1	-1	-1	-1	-1	-1		-1	0	1200	-1	-1	1	0	-1	0	0	0	100	-1	0	-1	0	0	0	-1	1	0	248	248	248	248	248	248	248	248	248	248	248	248	瞬间隐身（很低的隐身度），并使攻击自己的NPC失去目标，隐身持续5S
249	800	-1	燃烧陷阱	FightSkillXiaoYao_6	-1	0	0	1	1	1	-1	-1	0	0	0	108	385	386	-1	0	0	0	0	-1	-1	-1	-1	-1	-1	-1	-1	-1		-1	0	1200	-1	-1	0	-1	-1	0	0	0	100	-1	0	-1	0	0	0	-1	1	0	249	249	249	249	249	249	249	249	249	249	249	249	放置陷阱，上限1个，响应范围1M，15S内自动消失，作用人数1，目标进入燃烧状态，10点伤害/3S，持续15S（消耗%MP）
260	1201	-1	心心相印	Ring_6	-1	0	0	1	1	1	-1	-1	0	0	2	109		236	-1	0	0	0	1	-1	-1	-1	-1	-1	-1	-1	-1	-1		-1	5	1200	0	12	1	0	-1	0	0	0	100	-1	0	-1	0	0	0	-1	0	0	260	260	260	260	260	260	260	260	260	260	260	260	"增加对方体力10点,持续20分钟"
261	1202	-1	不离不弃	Ring_7	-1	0	0	1	1	1	-1	-1	0	0	2	110		236	-1	0	0	0	1	-1	-1	-1	-1	-1	-1	-1	-1	-1		-1	5	1200	0	12	1	0	-1	0	0	0	100	-1	0	-1	0	0	0	-1	0	0	261	261	261	261	261	261	261	261	261	261	261	261	"增加对方外功攻击和内功攻击10%,持续20分钟"
281	1	0	伏虎拳	FightSkillShaoLin1_1	1	0	1	1	1	1	1	8	0	0	2	-1		221	-1	0	0	0	1	-1	-1	-1	-1	-1	-1	-1	-1	-1		-1	5	1200	0	2	-1	1	-1	0	0	1	-1	-1	1	-1	0	0	0	-1	1	0	281	282	283	284	285	286	287	288	289	290	291	292	少林入门基础武功，招式虽然平凡无奇，但如果内力雄厚一样可以发挥出不可思议的力量。
282	2	0	般若掌	FightSkillShaoLin1_2	12	0	1	1	1	1	1	6	0	0	2	52		222	-1	0	0	0	1	-1	-1	-1	-1	-1	-1	-1	-1	-1		-1	5	1200	0	2	-1	1	-1	0	0	0	100	100	0	-1	0	0	0	-1	0	0	293	293	293	293	293	293	293	293	293	293	293	293	招数甚慢，似乎无甚力度，但风声隐隐，显然劲道凌厉。
283	3	0	金刚伏魔圈	FightSkillShaoLin1_3	12	0	1	1	1	1	1	4	0	0	2	53		223	-1	0	0	0	0	-1	-1	-1	-1	-1	-1	-1	-1	-1		-1	4	1600	-1	-1	-1	1	-1	0	0	0	80	-1	1	-1	4	360	4	-1	0	0	305	306	307	308	309	310	311	312	313	314	315	316	使时需心意相通，配合无间，以三条黑索组成的劲圈便如铜墙铁壁一样。
285	5	0	一拍两散	FightSkillShaoLin1_5	12	0	1	1	1	1	1	0	0	0	2	54		225	-1	0	0	0	1	-1	-1	-1	-1	-1	-1	-1	-1	-1		-1	5	1600	0	2	-1	1	-1	0	0	0	-1	-1	1	-1	0	0	0	-1	0	0	329	330	331	332	333	334	335	336	337	338	339	340	拍在石上、人身，石屑四散、魂飞魄散，以排山倒海般的内力为根基，至对方于无制的招式。
286	6	0	韦陀杵	FightSkillShaoLin1_6	12	0	1	1	1	1	2	7	0	0	2	55		226	-1	0	0	0	1	-1	-1	-1	-1	-1	-1	-1	-1	-1		-1	5	1200	0	2	-1	1	-1	0	0	0	-1	-1	1	-1	0	0	0	-1	0	0	341	342	343	344	345	346	347	348	349	350	351	352	武林一绝，击中人后对方肋骨根根断折，乃少林七十二绝技中的第四十八门，只十九招，却极威猛。
287	7	0	铁布衫	FightSkillShaoLin1_7	12	0	0	1	1	1	2	4	-1	0	2	56		227	-1	0	0	0	0	-1	-1	-1	-1	-1	-1	-1	-1	-1		-1	0	1200	-1	-1	1	0	-1	0	0	0	100	-1	0	-1	0	0	0	-1	0	0	353	354	355	356	357	358	359	360	361	362	363	364	少林七十二绝技中第五十七门，使用后全身刀枪不入，即使面对如潮的攻击亦可以毫发无损。
288	8	0	无相劫指	FightSkillShaoLin1_8	12	0	1	1	1	1	2	1	0	0	2	57		228	-1	0	0	0	1	-1	-1	-1	-1	-1	-1	-1	-1	-1		-1	5	1200	0	2	-1	1	-1	0	0	0	80	-1	0	-1	0	0	0	-1	0	0	365	366	367	368	369	370	371	372	373	374	375	376	指力暗发，全无形迹，无形无相，此招式使出全无朕兆可制敌于无形。
289	9	0	罗汉阵	FightSkillShaoLin1_9	12	0	0	1	1	1	3	8	-1	0	2	58		229	-1	0	0	0	0	-1	-1	-1	-1	-1	-1	-1	-1	-1		-1	4	1200	-1	-1	1	0	-1	1	0	0	100	-1	0	-1	6	360	6	-1	0	0	377	378	379	380	381	382	383	384	385	386	387	388	乃是少林独创的阵术，既可以集众结阵，亦可以以内力使用此招式以加强伙伴的能力。
290	10	0	狮子吼	FightSkillShaoLin1_10	12	0	0	1	1	1	3	5	-1	0	2	59		230	-1	0	0	0	0	-1	-1	-1	-1	-1	-1	-1	-1	-1		-1	4	1200	-1	-1	1	1	-1	0	0	0	100	-1	0	-1	6	360	6	-1	0	0	389	390	391	392	393	394	395	396	397	398	399	400	佛门的一套极上乘武功，以深厚内力发出的一声断喝，大有摄敌警友之效。
291	11	0	慈航普渡	FightSkillShaoLin1_11	12	0	0	1	1	1	3	2	-1	0	2	60		231	-1	0	0	0	0	-1	-1	-1	-1	-1	-1	-1	-1	-1		-1	0	1200	-1	-1	1	0	-1	0	0	0	100	-1	0	-1	0	0	0	-1	0	0	401	402	403	404	405	406	407	408	409	410	411	412	苦海慈航，普渡众生，此招能使少林弟子有抵御外魔的伽持抗力。
292	12	0	礼敬如来	FightSkillShaoLin1_12	12	0	0	1	1	1	4	9	-1	0	2	56		232	-1	0	0	0	0	-1	-1	-1	-1	-1	-1	-1	-1	-1		-1	0	1200	-1	-1	1	0	-1	0	0	0	100	-1	0	-1	0	0	0	-1	0	0	413	414	415	416	417	418	419	420	421	422	423	424	以佛光普照少林弟子，受到的伤害或能反弹于敌身。
293	13	0	一苇渡江	FightSkillShaoLin1_13	12	0	0	1	1	1	4	6	-1	0	2	61		233	-1	0	0	0	0	-1	-1	-1	-1	-1	-1	-1	-1	-1		-1	0	1200	-1	-1	1	0	-1	0	0	0	100	-1	0	-1	0	0	0	-1	0	0	425	426	427	428	429	430	431	432	433	434	435	436	昔日初祖达摩祖师所创的上乘轻功，可借一苇之力，飘纵而行。
294	14	0	气贯全身	FightSkillShaoLin1_14	12	0	0	1	1	1	4	3	-1	0	2	62		234	-1	0	0	0	0	-1	-1	-1	-1	-1	-1	-1	-1	-1		-1	0	1200	-1	-1	1	0	-1	0	0	0	100	-1	0	-1	0	0	0	-1	1	0	437	438	439	440	441	442	443	444	445	446	447	448	汇三千大千世界之能蓄于全身，伺机释出惊人之力。
295	15	0	摩诃无量	FightSkillShaoLin1_15	12	0	0	1	1	1	5	0	-1	0	2	63		235	-1	0	0	0	0	-1	-1	-1	-1	-1	-1	-1	-1	-1		-1	0	1200	-1	-1	1	0	-1	0	0	0	100	-1	0	-1	0	0	0	-1	0	0	449	449	449	449	449	449	449	449	449	449	449	449	聚集自身罡气，可使少林入门功夫伏虎拳爆发出不可思议的力量。
296	16	0	多罗叶指	FightSkillShaoLin1_16	12	0	0	1	1	1	5	0	-1	0	2	64		236	-1	0	0	0	0	-1	-1	-1	-1	-1	-1	-1	-1	-1		-1	0	1200	-1	-1	1	0	-1	0	0	0	100	-1	0	-1	0	0	0	-1	0	0	461	461	461	461	461	461	461	461	461	461	461	461	少林一度失传许久的功夫，据说使用后再使用韦陀杵能降魔金刚之力。
297	17	0	金钟罩	FightSkillShaoLin2_16	12	0	0	1	1	1	5	0	-1	0	2	65		237	-1	0	0	0	0	-1	-1	-1	-1	-1	-1	-1	-1	-1		-1	0	1200	-1	-1	1	0	-1	0	0	0	100	-1	0	-1	0	0	0	-1	0	0	473	473	473	473	473	473	473	473	473	473	473	473	少林寺镇寺之功，非达到化境不能使用，使出后刀枪不入，水火不侵，实为佛家上乘之妙法。
311	101	1	错骨分筋	FightSkillMingJiao_1	12	0	1	1	1	1	7	8	0	0	2	-1		241	-1	0	0	0	1	-1	-1	-1	-1	-1	-1	-1	-1	-1		-1	5	1200	0	2	-1	1	-1	0	0	1	-1	-1	1	-1	0	0	0	-1	1	0	641	642	643	644	645	646	647	648	649	650	651	652	擒拿术的独特手法，技巧性极强。
312	102	1	催心裂脾	FightSkillMingJiao_2	12	0	1	1	1	1	7	6	0	0	2	52		242	-1	0	0	0	1	-1	-1	-1	-1	-1	-1	-1	-1	-1		-1	5	1200	0	2	-1	1	-1	0	0	0	-1	-1	1	-1	0	0	0	-1	0	0	653	654	655	656	657	658	659	660	661	662	663	664	掌力迅猛，以纯阳之力，发出足以震碎对方内脏的一击。
313	103	1	玄阴至阳	FightSkillMingJiao_3	12	0	1	1	1	1	7	4	0	0	2	53		243	-1	0	0	0	0	-1	-1	-1	-1	-1	-1	-1	-1	-1		-1	4	1600	-1	-1	-1	1	-1	0	0	0	80	-1	1	-1	4	360	4	-1	0	0	665	666	667	668	669	670	671	672	673	674	675	676	在阴阳互换之力，转换为蓄力一击的强大招式。
315	105	1	天地同寿	FightSkillMingJiao_4	12	0	1	1	1	1	7	0	0	0	2	54		245	-1	0	0	0	1	-1	-1	-1	-1	-1	-1	-1	-1	-1		-1	5	1600	0	2	-1	1	-1	0	3	0	-1	-1	1	-1	0	0	0	-1	0	0	689	690	691	692	693	694	695	696	697	698	699	700	在狂暴状态与天地浑然一体，散出强大力量的恐怖一击。
316	106	1	五星连珠	FightSkillMingJiao_5	12	0	0	1	1	1	8	7	-1	0	2	55		246	-1	0	0	0	0	-1	-1	-1	-1	-1	-1	-1	-1	-1		-1	0	1200	-1	-1	1	0	-1	0	0	0	100	-1	0	-1	0	0	0	-1	0	0	701	702	703	704	705	706	707	708	709	710	711	712	天人合一，化苍穹五星为体内五行，使自己进入一个无我的境界。
317	107	1	火星冲日	FightSkillMingJiao_6	12	0	1	1	1	1	8	4	0	0	2	56		247	-1	0	0	0	1	-1	-1	-1	-1	-1	-1	-1	-1	-1		-1	5	1200	0	2	-1	1	-1	0	0	0	80	-1	0	10000	0	0	0	-1	0	0	713	714	715	716	717	718	719	720	721	722	723	724	一若火星冲日，将击打到自己的身上痛楚反击于对手的招式。
318	108	1	七星落长空	FightSkillMingJiao_7	12	0	0	0	0	1	8	1	-1	0	2	55		248	-1	0	0	0	0	-1	-1	-1	-1	-1	-1	-1	-1	-1		-1	0	1200	-1	-1	1	0	-1	0	0	0	100	-1	0	-1	0	0	0	-1	0	0	725	726	727	728	729	730	731	732	733	734	735	736	上应天象，使自己进入七星神佑的境界，在此状态下心如若水，宁静清明。
319	109	1	神行百变	FightSkillMingJiao_8	12	0	0	1	1	1	9	8	-1	0	2	57		249	-1	0	0	0	0	-1	-1	-1	-1	-1	-1	-1	-1	-1		-1	0	1200	-1	-1	1	0	-1	0	0	0	100	-1	0	-1	0	0	0	-1	0	0	737	737	737	737	737	737	737	737	737	737	737	737	乾坤大挪移第一层中的招式，可使自己身轻如燕
320	110	1	指鹿为马	FightSkillMingJiao_9	12	0	0	1	1	1	9	5	-1	0	2	58		250	-1	0	0	0	0	-1	-1	-1	-1	-1	-1	-1	-1	-1		-1	0	1200	-1	-1	1	0	-1	0	0	0	100	-1	0	-1	0	0	0	-1	0	0	749	750	751	752	753	754	755	756	757	758	759	760	乾坤大挪移第三层中绝妙招式，可将自己所受的部分招式化为乌有。
321	111	1	偷梁换柱	FightSkillMingJiao_10	12	0	0	1	1	1	9	2	-1	0	2	59		251	-1	0	0	0	0	-1	-1	-1	-1	-1	-1	-1	-1	-1		-1	0	1200	-1	-1	1	0	-1	0	0	0	100	-1	0	-1	0	0	0	-1	0	0	761	761	761	761	761	761	761	761	761	761	761	761	巧夺乾坤造化，可以任何时间使用本门任何招式。
322	112	1	迁怒于人	FightSkillMingJiao_11	12	0	0	1	1	1	10	9	-1	0	2	60		252	-1	0	0	0	0	-1	-1	-1	-1	-1	-1	-1	-1	-1		-1	4	1200	-1	-1	1	0	-1	1	0	0	100	-1	0	-1	6	360	6	-1	0	0	773	773	773	773	773	773	773	773	773	773	773	773	九阳真经中的玄机，可将自己的愤怒转化给队友的招式。
323	113	1	怒发冲冠	FightSkillMingJiao_12	12	0	0	1	1	1	10	6	-1	0	2	55		253	-1	0	0	0	0	-1	-1	-1	-1	-1	-1	-1	-1	-1		-1	0	1200	-1	-1	1	0	-1	0	0	0	100	-1	0	-1	0	0	0	-1	0	0	785	786	787	788	789	790	791	792	793	794	795	796	使自己更容易愤怒的招式，忍辱最终为怒气的爆发。
324	114	1	雷霆之怒	FightSkillMingJiao_13	12	0	1	1	1	1	10	3	-1	0	2	61		254	-1	0	0	0	1	-1	-1	-1	-1	-1	-1	-1	-1	-1		-1	5	1200	0	2	-1	1	-1	0	0	0	80	-1	0	-1	0	0	0	-1	0	0	797	797	797	797	797	797	797	797	797	797	797	797	九阳真经中的一招强力一击，如果不幸被打中，可使对手一段时间内头晕脑涨。
325	115	1	义愤填膺	FightSkillMingJiao_14	12	0	0	1	1	1	11	0	-1	0	2	62		255	-1	0	0	0	0	-1	-1	-1	-1	-1	-1	-1	-1	-1		-1	0	1200	-1	-1	1	0	-1	0	0	0	100	-1	0	-1	0	0	0	-1	0	0	809	809	809	809	809	809	809	809	809	809	809	809	使自己愤怒状态得以持续的精妙招式。
326	116	1	厚积薄发	FightSkillMingJiao_15	12	0	1	1	1	1	11	0	0	0	2	63		256	-1	0	0	0	1	-1	-1	-1	-1	-1	-1	-1	-1	-1		-1	5	2400	0	2	-1	1	-1	0	0	0	100	-1	0	-1	0	0	0	-1	0	0	821	821	821	821	821	821	821	821	821	821	821	821	将愤怒转化为强力一击的高深招式，越是愤怒越能给予对手强大的重创。
327	117	1	人鬼同途	FightSkillMingJiao_16	12	0	1	1	1	1	11	0	-1	0	2	64		257	-1	0	0	0	0	-1	-1	-1	-1	-1	-1	-1	-1	-1		-1	4	2400	-1	-1	-1	1	-1	0	0	0	100	-1	0	-1	4	360	4	-1	0	0	833	833	833	833	833	833	833	833	833	833	833	833	明教弟子的特殊招式，可使自身周围的对手降低对自己的仇恨。
341	201	2	鲲跃北溟	FightSkillGaiBang_1	12	0	1	1	1	1	13	8	0	0	2	-1		261	-1	0	0	0	1	-1	-1	-1	-1	-1	-1	-1	-1	-1		-1	5	1200	0	2	-1	1	-1	0	0	1	-1	-1	0	-1	0	0	0	-1	1	0	1001	1002	1003	1004	1005	1006	1007	1008	1009	1010	1011	1012	"丐帮弟子的入门武功,意在招先,后招绵绵不绝"
342	202	2	沛然有雨	FightSkillGaiBang_2	12	0	1	1	1	1	13	6	0	0	2	52		262	-1	0	0	0	1	-1	-1	-1	-1	-1	-1	-1	-1	-1		-1	5	1200	0	2	-1	1	-1	0	0	0	-1	-1	0	-1	0	0	0	-1	0	0	1013	1014	1015	1016	1017	1018	1019	1020	1021	1022	1023	1024	"积攒足够的连招,给予对方致命一击"
343	203	2	遨游东海	FightSkillGaiBang_3	12	0	1	1	1	1	13	4	0	0	2	53		263	-1	0	0	0	0	-1	-1	-1	-1	-1	-1	-1	-1	-1		-1	4	1200	-1	-1	-1	1	-1	0	0	0	100	-1	0	-1	4	360	4	-1	0	0	1025	1026	1027	1028	1029	1030	1031	1032	1033	1034	1035	1036	"丐帮弟子的得意招式,凭之往往能以少胜多"
345	205	2	见龙在田	FightSkillGaiBang_4	12	0	1	1	1	1	14	0	0	0	2	54		265	-1	0	0	0	1	-1	-1	-1	-1	-1	-1	-1	-1	-1		-1	5	1200	0	2	-1	1	-1	0	0	0	-1	-1	0	-1	0	0	0	-1	0	0	1049	1049	1049	1049	1049	1049	1049	1049	1049	1049	1049	1049	"封住敌人穴道,令其动弹不得"
346	206	2	神龙摆尾	FightSkillGaiBang_5	12	0	0	1	1	1	14	7	-1	0	2	55		266	-1	0	0	0	0	-1	-1	-1	-1	-1	-1	-1	-1	-1		-1	0	1200	-1	-1	1	0	-1	0	0	0	100	-1	0	-1	0	0	0	-1	0	0	1061	1061	1061	1061	1061	1061	1061	1061	1061	1061	1061	1061	大大提升自己的连击能力
347	207	2	飞龙在天	FightSkillGaiBang_6	12	0	0	1	1	1	14	4	-1	0	2	56		267	-1	0	0	0	0	-1	-1	-1	-1	-1	-1	-1	-1	-1		-1	0	1200	-1	-1	1	0	-1	0	0	0	100	-1	0	-1	0	0	0	-1	0	0	1073	1074	1075	1076	1077	1078	1079	1080	1081	1082	1083	1084	"身形游走,创敌于无形"
348	208	2	亢龙有悔	FightSkillGaiBang_7	12	0	1	1	1	1	14	1	0	0	2	57		268	-1	0	0	0	1	-1	-1	-1	-1	-1	-1	-1	-1	-1		-1	5	1600	0	2	-1	1	-1	0	0	0	-1	-1	0	-1	0	0	0	-1	0	0	1085	1086	1087	1088	1089	1090	1091	1092	1093	1094	1095	1096	"乃降龙十八掌中最为刚猛的招式,往往能一击必杀"
349	209	2	隔岸观火	FightSkillGaiBang_8	12	0	1	1	1	1	15	8	0	0	2	58		269	-1	0	0	0	1	-1	-1	-1	-1	-1	-1	-1	-1	-1		-1	5	1200	0	2	-1	1	-1	0	0	0	100	-1	0	-1	0	0	0	-1	0	0	1097	1098	1099	1100	1101	1102	1103	1104	1105	1106	1107	1108	"洞敌破绽,击敌薄弱"
350	210	2	李代桃僵	FightSkillGaiBang_9	12	0	0	1	1	1	15	5	-1	0	2	59		270	-1	0	0	0	1	-1	-1	-1	-1	-1	-1	-1	-1	-1		-1	5	1200	0	12	1	0	-1	1	0	0	100	-1	0	-1	0	0	0	-1	0	0	1109	1110	1111	1112	1113	1114	1115	1116	1117	1118	1119	1120	能帮助同伴逃过必死之伤
351	211	2	瞒天过海	FightSkillGaiBang_10	12	0	0	0	0	1	15	2	-1	0	2	60		271	-1	0	0	0	0	-1	-1	-1	-1	-1	-1	-1	-1	-1		-1	0	1200	-1	-1	1	0	-1	0	0	0	100	-1	0	-1	0	0	0	-1	0	0	1121	1121	1121	1121	1121	1121	1121	1121	1121	1121	1121	1121	"气劲游走,将敌招消于无形之中"
352	212	2	天下无狗	FightSkillGaiBang_11	12	0	0	1	1	1	16	9	-1	0	2	55		272	-1	0	0	0	0	-1	-1	-1	-1	-1	-1	-1	-1	-1		-1	0	1200	-1	-1	1	0	-1	0	0	0	100	-1	0	-1	0	0	0	-1	0	0	1133	1133	1133	1133	1133	1133	1133	1133	1133	1133	1133	1133	打狗棒法中最为高深的一招
353	213	2	拨狗朝天	FightSkillGaiBang_12	12	0	0	1	1	1	16	6	-1	0	2	61		273	-1	0	0	0	0	-1	-1	-1	-1	-1	-1	-1	-1	-1		-1	0	1200	-1	-1	1	0	-1	0	0	0	100	-1	0	-1	0	0	0	-1	0	0	1145	1146	1147	1148	1149	1150	1151	1152	1153	1154	1155	1156	打狗棒法中保全自己的一招
354	214	2	压扁狗背	FightSkillGaiBang_13	12	0	1	1	1	1	16	3	0	0	2	62		274	-1	0	0	0	1	-1	-1	-1	-1	-1	-1	-1	-1	-1		-1	5	1200	0	2	-1	1	0	0	0	0	100	-1	0	-1	0	0	0	-1	0	0	1157	1158	1159	1160	1161	1162	1163	1164	1165	1166	1167	1168	"打狗棒法中最为精妙的一招,往往打得对手无招架之力"
355	215	2	先下手为强	FightSkillGaiBang_14	12	0	0	1	1	1	17	0	-1	0	2	63		275	-1	0	0	0	0	-1	-1	-1	-1	-1	-1	-1	-1	-1		-1	0	1200	-1	-1	1	0	-1	0	0	0	100	-1	0	-1	0	0	0	-1	0	0	1169	1169	1169	1169	1169	1169	1169	1169	1169	1169	1169	1169	"料敌在先,以快打慢"
356	216	2	金蝉脱壳	FightSkillGaiBang_15	12	0	0	1	1	1	17	0	-1	0	2	64		276	-1	0	0	0	0	-1	-1	-1	-1	-1	-1	-1	-1	-1		-1	0	1200	-1	-1	1	0	-1	0	0	0	100	-1	0	-1	0	0	0	-1	0	0	1181	1181	1181	1181	1181	1181	1181	1181	1181	1181	1181	1181	以巧妙的身法躲开敌人对自己的伤害
357	217	2	抱残守缺	FightSkillGaiBang_16	12	0	0	1	1	1	17	0	-1	0	2	65		277	-1	0	0	0	0	-1	-1	-1	-1	-1	-1	-1	-1	-1		-1	0	1200	-1	-1	1	0	-1	0	0	0	100	-1	0	-1	0	0	0	-1	0	0	1193	1193	1193	1193	1193	1193	1193	1193	1193	1193	1193	1193	"越是不起眼的招数,往往能发挥出最大的威力"
371	301	3	高探马	FightSkillWuDang1_2	12	0	1	1	1	1	20	8	1	0	0	51	281	282	-1	0	0	0	1	-1	-1	-1	-1	-1	-1	-1	-1	9	身体受击点	-1	5	1200	0	12	-1	1	-1	0	0	0	-1	-1	0	-1	0	0	0	-1	0	0	1361	1362	1363	1364	1365	1366	1367	1368	1369	1370	1371	1372	"武当弟子的入门功夫,能够隔空伤敌"
372	302	3	玉女穿梭	FightSkillWuDang1_6	12	0	1	1	1	1	19	6	-1	0	1	52	283	283	-1	0	0	0	2	-1	-1	-1	-1	-1	-1	-1	-1	31	身体受击点	-1	7	1200	0	12	-1	1	-1	0	2000	0	-1	-1	0	-1	4	360	6	-1	0	0	1373	1374	1375	1376	1377	1378	1379	1380	1381	1382	1383	1384	以寒冰气劲大范围冻伤敌人
373	303	3	游刃有余	FightSkillWuDang1_12	12	0	0	1	1	1	19	4	-1	0	2	53		284	-1	0	0	0	0	-1	-1	-1	-1	-1	-1	-1	-1	-1		-1	0	1200	-1	-1	1	0	-1	0	0	0	100	-1	0	-1	0	0	0	-1	0	0	1385	1386	1387	1388	1389	1390	1391	1392	1393	1394	1395	1396	能够短时间提升自己内力的功夫
374	304	3	燕子抄水	FightSkillWuDang1_13	12	0	0	0	0	1	19	2	-1	0	2	54		285	-1	0	0	0	2	-1	-1	-1	-1	-1	-1	-1	-1	-1		-1	0	1200	0	12	1	0	-1	0	0	0	100	-1	0	-1	0	0	0	-1	0	0	1397	1398	1399	1400	1401	1402	1403	1404	1405	1406	1407	1408	武当弟子的脱身绝技
375	305	3	白鹤亮翅	FightSkillWuDang1_3	12	0	1	1	1	1	20	0	-1	0	2	55		286	-1	0	0	0	0	-1	-1	-1	-1	-1	-1	-1	-1	-1		-1	4	1200	-1	-1	-1	1	-1	0	0	0	-1	-1	0	-1	4	360	6	-1	0	0	1409	1410	1411	1412	1413	1414	1415	1416	1417	1418	1419	1420	被敌人包围时适合使用的招数
376	306	3	虎抱头	FightSkillWuDang1_14	12	0	0	1	1	1	20	7	-1	0	2	56		287	-1	0	0	0	0	-1	-1	-1	-1	-1	-1	-1	-1	-1		-1	0	1200	-1	-1	1	0	-1	0	0	0	100	-1	0	-1	0	0	0	-1	0	0	1421	1422	1423	1424	1425	1426	1427	1428	1429	1430	1431	1432	武当弟子的护身绝技
377	307	3	双峰贯耳	FightSkillWuDang1_1	12	0	1	1	1	1	20	4	1	0	0	57	288	289	-1	0	0	0	1	-1	-1	-1	-1	-1	-1	-1	-1	20	身体受击点	-1	5	1200	0	12	-1	1	-1	0	0	0	-1	-1	0	-1	0	0	0	-1	0	0	1433	1434	1435	1436	1437	1438	1439	1440	1441	1442	1443	1444	以全身的气劲给予敌人致命的伤害
378	308	3	三环套月	FightSkillWuDang1_4	12	0	1	1	1	1	21	1	1	0	0	58	290	291	-1	0	0	0	1	-1	-1	-1	-1	-1	-1	-1	-1	18	身体受击点	-1	5	1200	0	12	-1	1	-1	0	0	0	-1	-1	0	-1	0	0	0	-1	0	0	1445	1446	1447	1448	1449	1450	1451	1452	1453	1454	1455	1456	运用火炎内劲给予敌人伤害
379	309	3	揽雀尾	FightSkillWuDang1_10	12	0	1	1	1	1	21	8	1	0	1	59	292	292	-1	0	0	0	1	-1	-1	-1	-1	-1	-1	-1	-1	-1		-1	5	1200	0	12	-1	1	-1	0	2000	0	100	-1	0	-1	0	0	0	-1	0	0	1457	1458	1459	1460	1461	1462	1463	1464	1465	1466	1467	1468	"能够隔空定住强敌的绝招,但需要以自身的鲜血为媒"
380	310	3	相濡以沫	FightSkillWuDang1_7	12	0	0	1	1	1	21	5	-1	0	2	56		293	-1	0	0	0	0	-1	-1	-1	-1	-1	-1	-1	-1	-1		-1	0	1200	-1	-1	1	0	-1	0	0	0	100	-1	0	-1	0	0	0	-1	0	0	1469	1470	1471	1472	1473	1474	1475	1476	1477	1478	1479	1480	以寒冰气劲护体的招数
381	311	3	梯云纵	FightSkillWuDang1_9	12	0	0	1	1	1	22	9	-1	0	2	60		294	-1	0	0	0	5	-1	-1	-1	-1	-1	-1	-1	-1	-1		-1	0	1200	-1	-1	0	0	-1	1	0	0	100	-1	0	-1	0	0	0	-1	0	0	1481	1481	1481	1481	1481	1481	1481	1481	1481	1481	1481	1481	能够迅速将队友拉至身边
382	312	3	野马分鬃	FightSkillWuDang1_8	12	0	1	1	1	1	22	6	1	0	1	61	295	295	-1	0	0	0	1	-1	-1	-1	-1	-1	-1	-1	-1	27	身体受击点	-1	5	1200	0	12	-1	1	-1	0	2000	0	100	-1	0	-1	0	0	0	-1	0	0	1493	1494	1495	1496	1497	1498	1499	1500	1501	1502	1503	1504	将目标的愤怒消于无形之中
383	313	3	如封似闭	FightSkillWuDang1_5	12	0	1	1	1	1	22	3	1	0	2	62		296	-1	0	0	0	1	-1	-1	-1	-1	-1	-1	-1	-1	17	身体受击点	-1	5	1200	0	12	-1	1	-1	0	0	0	-1	-1	0	-1	0	0	0	-1	0	0	1505	1506	1507	1508	1509	1510	1511	1512	1513	1514	1515	1516	能够暂时封闭敌人意识的绝技
384	314	3	寒梅映雪	FightSkillWuDang1_16	12	0	0	1	1	1	23	0	-1	0	2	63		297	-1	0	0	0	0	-1	-1	-1	-1	-1	-1	-1	-1	-1		-1	0	1200	-1	-1	1	0	-1	0	0	0	100	-1	0	-1	0	0	0	-1	0	0	1517	1518	1519	1520	1521	1522	1523	1524	1525	1526	1527	1528	"能够令自己暂时免受伤害,但是需要放弃使用任何门派技能"
385	315	3	大魁星	FightSkillWuDang1_15	12	0	0	1	1	1	23	0	-1	0	2	64		379	-1	0	0	0	0	-1	-1	-1	-1	-1	-1	-1	-1	-1		-1	0	1200	-1	-1	1	0	-1	0	0	0	100	-1	0	-1	0	0	0	-1	0	0	1529	1530	1531	1532	1533	1534	1535	1536	1537	1538	1539	1540	能够暂时提升自身会心的招数
386	316	3	真武七截阵	FightSkillWuDang2_16	12	0	0	1	1	1	23	0	-1	0	2	65		299	-1	0	0	0	0	-1	-1	-1	-1	-1	-1	-1	-1	-1		-1	0	1200	-1	-1	1	0	-1	0	0	0	100	-1	0	-1	0	0	0	-1	0	0	1541	1542	1543	1544	1545	1546	1547	1548	1549	1550	1551	1552	"能够暂时令自己的攻击变得更加生猛,但是耗费也成倍增加"
401	401	4	月落西山	FightSkillEMei1_1	12	0	1	1	1	1	25	8	1	0	2	-1		301	-1	0	0	0	1	-1	-1	-1	-1	-1	-1	-1	-1	1	身体受击点	-1	5	1200	0	12	-1	1	-1	0	0	1	-1	-1	0	-1	0	0	0	-1	1	0	1721	1722	1723	1724	1725	1726	1727	1728	1729	1730	1731	1732	峨嵋弟子入门武功，以快对快，起手轻盈，是最常用的武功
402	402	4	环佩归魂	FightSkillEMei1_2	12	0	1	1	1	1	25	6	1	0	0	52	302	303	-1	0	0	0	1	-1	-1	-1	-1	-1	-1	-1	-1	2	身体受击点	-1	5	600	0	12	-1	1	-1	0	0	0	-1	-1	0	-1	0	0	0	-1	0	0	1733	1734	1735	1736	1737	1738	1739	1740	1741	1742	1743	1744	峨嵋弟子进阶武功，比月落西山有更强的杀伤力
403	403	4	铁锁横江	FightSkillEMei1_3	12	0	1	1	1	1	25	4	1	0	2	53		304	-1	0	0	0	2	-1	-1	-1	-1	-1	-1	-1	-1	3	身体受击点	-1	7	1200	0	12	-1	1	-1	0	0	0	80	-1	0	-1	4	360	6	-1	0	0	1745	1746	1747	1748	1749	1750	1751	1752	1753	1754	1755	1756	大面积的杀伤，让敌人望而却步，犹如铁索横断江水一般
404	404	4	九阴白骨爪	FightSkillEMei1_4	12	0	1	1	1	1	25	2	1	0	0	54	305	306	-1	0	0	0	1	-1	-1	-1	-1	-1	-1	-1	-1	4	身体受击点	-1	5	1200	0	12	-1	1	-1	0	0	0	100	-1	0	-1	0	0	0	-1	0	0	1757	1758	1759	1760	1761	1762	1763	1764	1765	1766	1767	1768	九阴神功中，最具杀伤力的武功
405	405	4	太阿倒持	FightSkillEMei1_6	12	0	0	1	1	1	25	0	-1	0	2	55		307	-1	0	0	0	0	-1	-1	-1	-1	-1	-1	-1	-1	-1		-1	0	1200	-1	-1	1	0	-1	0	0	0	100	-1	0	-1	0	0	0	-1	0	0	1769	1770	1771	1772	1773	1774	1775	1776	1777	1778	1779	1780	能使当前护体完全承受直接伤害
406	406	4	佛光普照	FightSkillEMei1_5	12	0	0	1	1	1	26	7	-1	0	2	56		308	-1	0	0	0	1	-1	-1	-1	-1	-1	-1	-1	-1	-1		-1	5	1200	0	12	1	0	-1	0	0	0	100	-1	0	-1	0	0	0	-1	0	0	1781	1782	1783	1784	1785	1786	1787	1788	1789	1790	1791	1792	能长时间增加同伴的战斗力与防御力
407	407	4	金针渡劫	FightSkillEMei1_7	12	0	0	1	1	1	26	4	-1	0	0	57	302	310	-1	0	0	0	1	-1	-1	-1	-1	-1	-1	-1	-1	-1		-1	5	600	0	12	1	0	-1	0	0	0	100	-1	0	-1	0	0	0	-1	0	0	1793	1794	1795	1796	1797	1798	1799	1800	1801	1802	1803	1804	可以恢复同伴气血，但自己需要一定的运功时间
408	408	4	宁静之雨	FightSkillEMei1_8	12	0	0	1	1	1	26	1	-1	0	1	58	311	311	-1	0	0	0	2	-1	-1	-1	-1	-1	-1	-1	-1	5	身体受击点	-1	7	600	0	12	1	0	-1	0	2000	0	100	-1	0	-1	6	360	6	-1	0	0	1805	1806	1807	1808	1809	1810	1811	1812	1813	1814	1815	1816	可以同时持续恢复多名同伴的气血，但自己运功时需要保持不动
409	409	4	冲虚养气	FightSkillEMei1_9	12	0	0	1	1	1	27	8	-1	0	2	59		312	-1	0	0	0	0	-1	-1	-1	-1	-1	-1	-1	-1	-1		-1	0	1200	-1	-1	1	0	-1	0	0	0	100	-1	0	-1	0	0	0	-1	0	0	1817	1818	1819	1820	1821	1822	1823	1824	1825	1826	1827	1828	峨嵋弟子高级内功，可以用气制造一个吸收盾，为自己吸收部分伤害，同时减少部分武功的消耗和减少治疗的运功时间
410	410	4	妙笔生花	FightSkillEMei1_10	12	0	0	0	0	1	27	5	-1	0	2	60		313	-1	0	0	0	1	-1	-1	-1	-1	-1	-1	-1	-1	-1		-1	5	1200	0	12	1	0	-1	0	0	0	100	-1	0	-1	0	0	0	-1	0	0	1829	1829	1829	1829	1829	1829	1829	1829	1829	1829	1829	1829	可以帮同伴和自己解除身上的病痛
411	411	4	起死回生	FightSkillEMei1_11	12	0	0	1	1	1	27	2	-1	0	2	61		314	-1	1	0	0	1	-1	-1	-1	-1	-1	-1	-1	-1	-1		-1	5	1200	0	2	1	0	-1	0	0	0	100	-1	0	-1	0	0	0	-1	0	0	1841	1841	1841	1841	1841	1841	1841	1841	1841	1841	1841	1841	消耗大量的内力救活一个同伴，同伴必须自行选择复活与否
412	412	4	经脉逆行	FightSkillEMei1_12	12	0	0	1	1	1	28	9	-1	0	2	62		315	-1	0	0	0	0	-1	-1	-1	-1	-1	-1	-1	-1	-1		-1	4	1200	-1	-1	0	1	-1	0	0	0	100	-1	0	-1	6	360	6	-1	0	0	1853	1853	1853	1853	1853	1853	1853	1853	1853	1853	1853	1853	降低怪物对自己的仇恨，但周围必须有其他人，怪物才会转移目标
413	413	4	移魂大法	FightSkillEMei1_13	12	0	1	1	1	1	28	6	1	0	2	63		316	-1	0	0	0	1	-1	-1	-1	-1	-1	-1	-1	-1	-1		-1	5	1200	0	12	-1	1	-1	0	0	0	100	-1	0	-1	0	0	0	-1	0	0	1865	1865	1865	1865	1865	1865	1865	1865	1865	1865	1865	1865	短时间内让对手魂飞天外，欲动不能，但会被人打醒
414	414	4	易筋锻骨	FightSkillEMei1_14	12	0	0	1	1	1	28	3	-1	0	2	59		317	-1	0	0	0	0	-1	-1	-1	-1	-1	-1	-1	-1	-1		-1	0	1200	-1	-1	1	0	-1	0	0	0	100	-1	0	-1	0	0	0	-1	0	0	1877	1878	1879	1880	1881	1882	1883	1884	1885	1886	1887	1888	峨嵋弟子高级内功，可以用气制造一个吸收盾，为自己吸收部分伤害，同时提高自己武功的杀伤力
415	415	4	万岳朝宗	FightSkillEMei1_15	12	0	1	1	1	1	29	0	1	0	2	64		318	-1	0	0	0	0	-1	-1	-1	-1	-1	-1	-1	-1	-1		-1	4	2400	-1	-1	-1	1	-1	0	0	0	100	-1	0	-1	6	360	6	-1	0	0	1889	1890	1891	1892	1893	1894	1895	1896	1897	1898	1899	1900	峨嵋弟子高级武功，牵制多个敌人，给其一定杀伤力并减缓对手的移动速度
416	416	4	延年益寿	FightSkillEMei1_16	12	0	0	1	1	1	29	0	-1	0	2	65		319	-1	0	0	0	0	-1	-1	-1	-1	-1	-1	-1	-1	-1		-1	0	1200	-1	-1	1	0	-1	0	0	0	100	-1	0	-1	0	0	0	-1	0	0	1901	1902	1903	1904	1905	1906	1907	1908	1909	1910	1911	1912	峨嵋弟子高级心法，可以让护体的持续时间增加
417	417	4	生命之泉	FightSkillEMei2_1	12	0	0	0	0	1	29	0	-1	0	0	66	403	320	-1	0	0	0	0	-1	-1	-1	-1	-1	-1	-1	-1	-1		-1	4	1200	-1	-1	1	0	-1	0	0	0	100	-1	0	-1	6	360	-1	-1	0	0	1913	1913	1913	1913	1913	1913	1913	1913	1913	1913	1913	1913	大范围治愈气血并能一次性解除大部分病痛
431	501	5	蓝砂手	FightSkillXinXiu1_1	12	0	1	1	1	1	31	8	1	0	2	-1		321	-1	0	0	0	1	-1	-1	-1	-1	-1	-1	-1	-1	15	身体受击点	-1	5	1200	0	12	-1	1	-1	0	0	1	-1	-1	0	-1	0	0	0	-1	1	0	2081	2082	2083	2084	2085	2086	2087	2088	2089	2090	2091	2092	用特制毒药长期浸泡自己的手，以增加伤害的，阴险武功。
432	502	5	腐尸毒	FightSkillXinXiu1_2	12	0	1	1	1	1	31	6	-1	0	2	52		322	-1	0	0	0	2	-1	-1	-1	-1	-1	-1	-1	-1	28	身体受击点	-1	7	1200	0	12	-1	1	-1	0	0	0	-1	-1	0	-1	4	360	6	-1	0	0	2093	2094	2095	2096	2097	2098	2099	2100	2101	2102	2103	2104	长期用尸体炼制出的毒药，阴损毒辣的战斗方式
433	503	5	连珠腐尸毒	FightSkillXinXiu1_3	12	0	1	1	1	1	31	4	-1	0	1	53	323	323	-1	0	0	0	2	-1	-1	-1	-1	-1	-1	-1	-1	30	身体受击点	-1	7	1200	0	12	-1	1	-1	0	2000	0	-1	-1	0	-1	4	360	6	-1	0	0	2105	2106	2107	2108	2109	2110	2111	2112	2113	2114	2115	2116	向目标区域内不断喷洒腐尸毒，造成持续伤害
434	504	5	七星透骨	FightSkillXinXiu1_4	12	0	1	1	1	1	31	2	1	0	0	54	324	325	-1	0	0	0	1	-1	-1	-1	-1	-1	-1	-1	-1	1		-1	5	600	0	12	-1	1	-1	0	0	0	-1	-1	0	-1	0	0	0	-1	0	0	2117	2118	2119	2120	2121	2122	2123	2124	2125	2126	2127	2128	用毒药练成的七星透骨钉，拥有恐怖的杀伤力
435	505	5	饮鸩止渴	FightSkillXinXiu1_5	12	0	0	1	1	1	31	0	-1	0	2	55		326	-1	0	0	0	0	-1	-1	-1	-1	-1	-1	-1	-1	-1		-1	0	1200	-1	-1	1	0	-1	0	0	0	100	-1	0	-1	0	0	0	-1	0	0	2129	2130	2131	2132	2133	2134	2135	2136	2137	2138	2139	2140	通过吸带毒的血，练成的一种增加敌人伤害的阴险武功
436	506	5	拖泥带水	FightSkillXinXiu1_6	12	0	1	1	1	1	32	7	-1	0	2	56		327	-1	0	0	0	1	-1	-1	-1	-1	-1	-1	-1	-1	22	身体受击点	-1	5	1200	0	12	-1	1	-1	0	0	0	100	-1	0	-1	0	0	0	-1	0	0	2141	2142	2143	2144	2145	2146	2147	2148	2149	2150	2151	2152	给敌人释放毒药，弱化敌人的攻击力
437	507	5	焦头烂额	FightSkillXinXiu1_7	12	0	1	1	1	1	32	4	-1	0	2	57		328	-1	0	0	0	1	-1	-1	-1	-1	-1	-1	-1	-1	12	身体受击点	-1	5	1200	0	12	-1	1	-1	0	0	0	100	-1	0	-1	0	0	0	-1	0	0	2153	2154	2155	2156	2157	2158	2159	2160	2161	2162	2163	2164	给敌人释放毒药，弱化敌人的四种属性的防御力
438	508	5	移花接木	FightSkillXinXiu1_8	12	0	1	1	1	1	32	1	1	0	1	58	329	329	-1	0	0	0	1	-1	-1	-1	-1	-1	-1	-1	-1	-1		-1	5	1200	0	12	-1	1	-1	0	2000	0	100	-1	0	-1	0	0	0	-1	0	0	2165	2166	2167	2168	2169	2170	2171	2172	2173	2174	2175	2176	逆练内功，吸收敌之气血为己用
439	509	5	笑里藏刀	FightSkillXinXiu1_9	12	0	1	1	1	1	33	8	1	0	1	59	330	330	-1	0	0	0	1	-1	-1	-1	-1	-1	-1	-1	-1	-1		-1	5	1200	0	12	-1	1	-1	0	2000	0	100	-1	0	-1	0	0	0	-1	0	0	2177	2178	2179	2180	2181	2182	2183	2184	2185	2186	2187	2188	对单一目标，持续释放毒药，不断造成伤害
440	510	5	笑口常开	FightSkillXinXiu1_10	12	0	1	1	1	1	33	5	1	0	2	60		331	-1	0	0	0	1	-1	-1	-1	-1	-1	-1	-1	-1	25	身体受击点	-1	5	1200	0	12	-1	1	-1	0	0	0	100	-1	0	-1	0	0	0	-1	0	0	2189	2189	2189	2189	2189	2189	2189	2189	2189	2189	2189	2189	给敌人释放毒药，另他行走困难
441	511	5	笑语解颐	FightSkillXinXiu1_11	12	0	1	1	1	1	33	2	-1	0	1	61	332	332	-1	0	0	0	1	-1	-1	-1	-1	-1	-1	-1	-1	-1		-1	5	1200	0	12	-1	1	2	0	2000	0	100	-1	0	-1	0	0	0	-1	0	0	2201	2202	2203	2204	2205	2206	2207	2208	2209	2210	2211	2212	一种让怪物狂暴化的邪门武功
442	512	5	含沙射影	FightSkillXinXiu1_12	12	0	1	1	1	1	34	9	1	0	2	62		333	-1	0	0	0	1	-1	-1	-1	-1	-1	-1	-1	-1	-1		-1	5	1200	0	12	-1	1	-1	0	0	0	100	-1	0	-1	0	0	0	-1	0	0	2213	2214	2215	2216	2217	2218	2219	2220	2221	2222	2223	2224	运用内功将毒药打出敌人体内，使人受到诅咒，不断削弱敌人，杀人于无形
443	513	5	四面楚歌	FightSkillXinXiu1_13	12	0	1	1	1	1	34	6	1	0	2	63		334	-1	0	0	0	1	-1	-1	-1	-1	-1	-1	-1	-1	21	身体受击点	-1	5	1200	0	12	-1	1	-1	0	0	0	100	-1	0	-1	0	0	0	-1	0	0	2225	2226	2227	2228	2229	2230	2231	2232	2233	2234	2235	2236	给敌人释放毒药，弱化敌人的防御力
444	514	5	呆若木鸡	FightSkillXinXiu1_14	12	0	1	1	1	1	34	3	1	0	1	64	335	335	-1	0	0	0	1	-1	-1	-1	-1	-1	-1	-1	-1	-1		-1	5	1200	0	12	-1	1	0	0	2000	0	100	-1	0	-1	0	0	0	-1	0	0	2237	2238	2239	2240	2241	2242	2243	2244	2245	2246	2247	2248	逆练内功，吸收敌之怒气为己用
445	515	5	水淹七军	FightSkillXinXiu1_15	12	0	1	1	1	1	35	0	1	0	2	65		336	-1	0	0	0	1	-1	-1	-1	-1	-1	-1	-1	-1	-1		-1	5	1200	0	12	-1	1	-1	0	0	0	100	-1	0	-1	0	0	0	-1	0	0	2249	2249	2249	2249	2249	2249	2249	2249	2249	2249	2249	2249	给敌人释放毒药，让对手动弹不得
446	516	5	行尸走肉	FightSkillXinXiu1_16	12	0	0	1	1	1	35	0	-1	0	2	66		337	-1	0	0	0	0	-1	-1	-1	-1	-1	-1	-1	-1	-1		-1	0	1200	-1	-1	1	0	-1	0	0	0	100	-1	0	-1	0	0	0	-1	0	0	2261	2261	2261	2261	2261	2261	2261	2261	2261	2261	2261	2261	邪门内功，让自己拥有死后复活的能力
447	517	5	恶贯满盈	FightSkillXinXiu2_13	12	0	0	1	1	1	35	0	-1	0	2	67		338	-1	0	0	0	0	-1	-1	-1	-1	-1	-1	-1	-1	29	身体受击点	-1	0	1200	-1	-1	1	0	-1	0	0	0	100	-1	0	-1	0	0	0	-1	0	0	2273	2274	2275	2276	2277	2278	2279	2280	2281	2282	2283	2284	邪门内功，让自己拥有死亡之后身体自爆的能力
461	601	6	烟霭茫茫	FightSkillDaLi_1	12	0	1	1	1	1	37	8	1	0	2	-1		341	-1	0	0	0	1	-1	-1	-1	-1	-1	-1	-1	-1	26	身体受击点	-1	5	1200	0	12	-1	1	-1	0	0	1	-1	-1	0	-1	0	0	0	-1	1	0	2441	2442	2443	2444	2445	2446	2447	2448	2449	2450	2451	2452	大理入门武功，练气练剑、用手指发出剑气的基础
462	602	6	快活三	FightSkillDaLi_2	12	1	1	1	1	1	37	6	1	0	2	52		342	-1	0	0	0	1	-1	-1	-1	-1	-1	-1	-1	-1	13	身体受击点	-1	5	1200	0	12	-1	1	-1	0	3	0	-1	-1	0	-1	0	0	0	-1	0	0	2453	2454	2455	2456	2457	2458	2459	2460	2461	2462	2463	2464	连续发出3次剑气，动作及快
463	603	6	回风拂柳	FightSkillDaLi_3	12	0	1	1	1	1	37	4	1	0	2	53		343	-1	0	0	0	1	-1	-1	-1	-1	-1	-1	-1	-1	11	身体受击点	-1	5	1200	0	6	-1	1	-1	0	0	0	-1	-1	0	-1	0	0	0	-1	0	0	2465	2466	2467	2468	2469	2470	2471	2472	2473	2474	2475	2476	以指发出气流，犹如风吹动柳枝
465	605	6	有常无常	FightSkillDaLi_4	12	0	1	1	1	1	38	0	1	0	2	54		345	-1	0	0	0	1	-1	-1	-1	-1	-1	-1	-1	-1	-1		-1	5	1200	0	6	-1	1	-1	0	0	0	-1	-1	0	-1	0	0	0	-1	0	0	2489	2490	2491	2492	2493	2494	2495	2496	2497	2498	2499	2500	以指发出气流，打掉对手的怒气
466	606	6	无众生相	FightSkillDaLi_5	12	0	1	1	1	1	38	7	1	0	2	55		346	-1	0	0	0	1	-1	-1	-1	-1	-1	-1	-1	-1	-1		-1	5	1200	0	6	-1	1	-1	0	0	0	-1	-1	0	-1	0	0	0	-1	0	0	2501	2501	2501	2501	2501	2501	2501	2501	2501	2501	2501	2501	以指发出气流，封对手的穴位，让他动弹不得。
467	607	6	非枯非荣	FightSkillDaLi_6	12	0	1	1	1	1	38	4	1	0	2	56		347	-1	0	0	0	1	-1	-1	-1	-1	-1	-1	-1	-1	-1		-1	5	1200	0	12	-1	1	-1	0	0	0	100	-1	0	-1	0	0	0	-1	0	0	2513	2514	2515	2516	2517	2518	2519	2520	2521	2522	2523	2524	以指发出气流，让削弱对手的防御能力，使自己给对手造成更大的伤害
468	608	6	金玉满堂	FightSkillDaLi_7	12	0	0	1	1	1	39	1	-1	0	2	57		348	-1	0	0	0	0	-1	-1	-1	-1	-1	-1	-1	-1	-1		-1	0	1200	-1	-1	1	0	-1	0	0	0	100	-1	0	-1	0	0	0	-1	0	0	2525	2526	2527	2528	2529	2530	2531	2532	2533	2534	2535	2536	运用内功，使自己的目光更敏锐
469	609	6	立地成佛	FightSkillDaLi_8	12	0	1	1	1	1	39	8	1	0	2	58		349	-1	0	0	0	1	-1	-1	-1	-1	-1	-1	-1	-1	-1		-1	5	1200	0	12	-1	1	-1	0	0	0	100	-1	0	-1	0	0	0	-1	0	0	2537	2537	2537	2537	2537	2537	2537	2537	2537	2537	2537	2537	放下屠刀，立地成佛，攻击对手双手，让其不能使用武功
470	610	6	丹凤朝阳	FightSkillDaLi_9	12	0	1	1	1	1	39	5	1	0	0	59	350	351	-1	0	0	0	1	-1	-1	-1	-1	-1	-1	-1	-1	8	身体受击点	-1	5	1200	0	12	-1	1	-1	0	0	0	100	-1	0	-1	0	0	0	-1	0	0	2549	2550	2551	2552	2553	2554	2555	2556	2557	2558	2559	2560	以指发出初级剑气，为六脉神剑的基础，不同对手在何时何地，此招一出必定命中。
471	611	6	白驹过隙	FightSkillDaLi_10	12	0	0	1	1	1	39	2	-1	0	2	60		352	-1	0	0	0	0	-1	-1	-1	-1	-1	-1	-1	-1	-1		-1	0	1200	-1	-1	1	0	-1	0	0	0	100	-1	0	-1	0	0	0	-1	0	0	2561	2561	2561	2561	2561	2561	2561	2561	2561	2561	2561	2561	大理独特的轻功，可大大提升移动力
472	612	6	少泽剑	FightSkillDaLi_11	12	0	1	1	1	1	40	9	1	0	2	61		353	-1	0	0	0	1	-1	-1	-1	-1	-1	-1	-1	-1	-1		-1	5	1200	0	12	-1	1	-1	0	0	0	100	-1	0	-1	0	0	0	-1	0	0	2573	2574	2575	2576	2577	2578	2579	2580	2581	2582	2583	2584	六脉神剑中的起式剑，提高剑气攻击对手穴位的经准度
473	613	6	商阳剑	FightSkillDaLi_12	12	0	0	1	1	1	40	6	1	0	2	62		354	-1	0	0	0	0	-1	-1	-1	-1	-1	-1	-1	-1	-1		-1	0	1200	-1	-1	1	0	-1	0	0	0	-1	-1	0	-1	0	0	0	-1	0	0	2585	2586	2587	2588	2589	2590	2591	2592	2593	2594	2595	2596	六脉神剑中的第二剑，提高剑气攻击对手要害的经准度
474	614	6	少商剑	FightSkillDaLi_13	12	0	1	1	1	1	40	3	1	0	2	63		355	-1	0	0	0	2	-1	-1	-1	-1	-1	-1	-1	-1	19	身体受击点	-1	0	1200	0	12	-1	1	-1	0	0	0	-1	-1	0	-1	0	0	0	-1	0	1500	2597	2598	2599	2600	2601	2602	2603	2604	2605	2606	2607	2608	六脉神剑中的第三剑，可以同时攻击多个对手，并攻击对手脚部使其移动困难
475	615	6	白虹贯日	FightSkillDaLi_14	12	0	1	1	1	1	41	0	1	0	2	64		356	-1	0	0	0	1	-1	-1	-1	-1	-1	-1	-1	-1	6	身体受击点	-1	5	1200	0	12	-1	1	-1	0	0	0	-1	-1	0	-1	0	0	0	-1	0	5000	2609	2610	2611	2612	2613	2614	2615	2616	2617	2618	2619	2620	以指发出剑气，剑气如鬼魅般追踪对手，并可给对手造成巨大伤害。
476	616	6	微服私访	FightSkillDaLi_15	12	0	0	0	0	1	41	0	-1	0	2	65		357	-1	0	0	0	0	-1	-1	-1	-1	-1	-1	-1	-1	-1		-1	0	1200	-1	-1	1	0	-1	0	0	0	100	-1	0	-1	0	0	0	-1	0	0	2621	2621	2621	2621	2621	2621	2621	2621	2621	2621	2621	2621	运功将体内的病痛，排出体外
477	617	6	万国来朝	FightSkillDaLi_16	12	0	1	1	1	1	41	0	1	0	1	66	358	358	-1	0	0	0	0	-1	-1	-1	-1	-1	-1	-1	-1	-1		-1	4	1200	-1	-1	-1	1	-1	0	2000	0	-1	-1	0	-1	4	360	6	-1	0	0	2633	2634	2635	2636	2637	2638	2639	2640	2641	2642	2643	2644	大理运气功的高级武功，可以对周围敌人持续造成巨大伤害
#	#																																																																		
491	701	7	落木萧萧	FightSkillTianShan_1	12	0	1	1	1	1	43	8	0	0	2	-1		361	-1	0	0	0	1	-1	-1	-1	-1	-1	-1	-1	-1	-1		-1	5	1200	0	2	-1	1	-1	0	0	1	-1	-1	0	-1	0	0	0	-1	0	0	2801	2802	2803	2804	2805	2806	2807	2808	2809	2810	2811	2812	天山入门武功，极短时间内，给敌人最大的伤害
492	702	7	望梅止渴	FightSkillTianShan_2	12	0	1	1	1	1	43	6	0	0	2	52		362	-1	0	0	0	1	-1	-1	-1	-1	-1	-1	-1	-1	-1		-1	5	1200	0	2	-1	1	-1	0	0	0	-1	-1	0	-1	0	0	0	-1	0	0	2813	2814	2815	2816	2817	2818	2819	2820	2821	2822	2823	2824	给武器上毒，给对手持续性伤害
495	705	7	阳关三叠	FightSkillTianShan_3	12	0	1	1	1	1	44	0	-1	0	2	53		365	-1	0	0	0	0	-1	-1	-1	-1	-1	-1	-1	-1	-1		-1	4	1200	-1	-1	-1	1	-1	0	0	0	-1	-1	0	-1	4	360	4	-1	0	0	2849	2850	2851	2852	2853	2854	2855	2856	2857	2858	2859	2860	天山六阳掌中最具威力的一招，短时间内，运功使周围空气凝聚成冰，给对手造成极大杀伤的同时还能阻止对手的行动
496	706	7	阳奉阴违	FightSkillTianShan_4	12	0	0	1	1	1	44	7	-1	0	0	54	366	367	-1	0	0	0	0	-1	-1	-1	-1	-1	-1	-1	-1	-1		-1	0	1200	-1	-1	1	0	-1	0	0	0	100	-1	0	-1	0	0	0	-1	0	0	2861	2862	2863	2864	2865	2866	2867	2868	2869	2870	2871	2872	特殊的修炼方式，使自己的身形消失于无形
497	707	7	阳歌天钧	FightSkillTianShan_5	12	0	1	1	1	1	44	4	0	0	2	55		368	-1	0	0	0	1	-1	-1	-1	-1	-1	-1	-1	-1	-1		-1	5	1200	0	2	-1	1	-1	0	0	0	-1	-1	0	-1	0	0	0	-1	0	0	2873	2874	2875	2876	2877	2878	2879	2880	2881	2882	2883	2884	攻击对手脚部，让对手移动困难
498	708	7	阳春白雪	FightSkillTianShan_6	12	0	1	1	1	1	44	1	0	0	2	56		369	-1	0	0	0	1	-1	-1	-1	-1	-1	-1	-1	-1	-1		-1	5	1200	0	2	-1	1	-1	0	0	0	-1	-1	0	-1	0	0	0	-1	0	0	2885	2885	2885	2885	2885	2885	2885	2885	2885	2885	2885	2885	将对手的怒气化为乌有
499	709	7	踏雪无痕	FightSkillTianShan_7	12	0	0	1	1	1	45	8	-1	0	0	57	370	371	-1	0	0	0	0	-1	-1	-1	-1	-1	-1	-1	-1	-1		-1	0	1200	-1	-1	1	0	-1	0	0	0	100	-1	0	-1	0	0	0	-1	0	0	2897	2898	2899	2900	2901	2902	2903	2904	2905	2906	2907	2908	召来天山派护法，与自己并肩战斗，需要一定聚气时间
500	710	7	龟息功	FightSkillTianShan_8	12	0	0	1	1	1	45	5	-1	0	2	58		372	-1	0	0	0	0	-1	-1	-1	-1	-1	-1	-1	-1	-1		-1	0	1200	-1	-1	1	0	-1	0	0	0	100	-1	0	-1	0	0	0	-1	0	0	2909	2910	2911	2912	2913	2914	2915	2916	2917	2918	2919	2920	迅速召来天山派护法，与自己并肩战斗
501	711	7	唇亡齿寒	FightSkillTianShan_9	12	0	0	1	1	1	45	2	-1	0	2	59		373	-1	0	0	0	0	-1	-1	-1	-1	-1	-1	-1	-1	-1		-1	2	1200	-1	-1	1	0	-1	0	0	0	100	-1	0	-1	0	0	0	-1	0	0	2921	2922	2923	2924	2925	2926	2927	2928	2929	2930	2931	2932	运功让天山派护法的能力提升
502	712	7	十面埋伏	FightSkillTianShan_10	12	0	0	1	1	1	46	9	-1	0	0	60	374	375	-1	0	0	0	0	-1	-1	-1	-1	-1	-1	-1	-1	-1		-1	4	1200	-1	-1	1	0	-1	1	0	0	100	-1	0	-1	6	360	6	-1	0	0	2933	2934	2935	2936	2937	2938	2939	2940	2941	2942	2943	2944	使同伴身形都化为无形
503	713	7	越俎代庖	FightSkillTianShan_11	12	0	0	1	1	1	46	6	-1	0	2	61		376	-1	0	0	0	0	-1	-1	-1	-1	-1	-1	-1	-1	-1		-1	0	1200	-1	-1	1	0	-1	0	0	0	100	-1	0	-1	0	0	0	-1	0	0	2945	2945	2945	2945	2945	2945	2945	2945	2945	2945	2945	2945	将身上的病痛，转嫁给天山派护法
504	714	7	归去来兮	FightSkillTianShan_12	12	0	0	0	0	1	46	3	-1	0	2	62		377	-1	0	0	0	2	-1	-1	-1	-1	-1	-1	-1	-1	-1		-1	0	1200	0	12	1	0	-1	0	0	0	100	-1	0	-1	0	0	0	-1	0	0	2957	2957	2957	2957	2957	2957	2957	2957	2957	2957	2957	2957	运功快速将自己身形化为无形，并解除身上的所有病痛
505	715	7	凭虚御风	FightSkillTianShan_13	12	0	1	1	1	1	47	0	0	0	2	63		378	-1	0	0	0	1	-1	-1	-1	-1	-1	-1	-1	-1	-1		-1	5	1200	0	2	-1	1	-1	0	0	0	80	-1	0	-1	0	0	0	-1	0	0	2969	2969	2969	2969	2969	2969	2969	2969	2969	2969	2969	2969	将对手致残，对手的回避与命中会大大下降
506	716	7	静影沉璧	FightSkillTianShan_14	12	0	0	1	1	1	47	0	-1	0	2	64		379	-1	0	0	0	0	-1	-1	-1	-1	-1	-1	-1	-1	-1		-1	0	1200	-1	-1	1	0	-1	0	0	0	100	-1	0	-1	0	0	0	-1	0	0	2981	2982	2983	2984	2985	2986	2987	2988	2989	2990	2991	2992	天山轻功，让自己躲避能力大幅度提高
507	717	7	大象无形	FightSkillTianShan_15	12	0	0	1	1	1	47	0	-1	0	2	65		380	-1	0	0	0	0	-1	-1	-1	-1	-1	-1	-1	-1	-1		-1	0	1200	-1	-1	1	0	-1	0	0	0	100	-1	0	-1	0	0	0	-1	0	0	2993	2994	2995	2996	2997	2998	2999	3000	3001	3002	3003	3004	加强化为无形的能力，让敌人不能发现
#	#																																																																		
521	801	8	皓月千里	FightSkillXiaoYao_1	12	0	1	1	1	1	49	8	1	0	2	-1		381	-1	0	0	0	1	-1	-1	-1	-1	-1	-1	-1	-1	10	身体受击点	-1	5	1200	0	12	-1	1	-1	0	0	1	-1	-1	0	-1	0	0	0	-1	0	0	3161	3162	3163	3164	3165	3166	3167	3168	3169	3170	3171	3172	"皓月长空,绵延千里,只有逍遥派才有如此气势"
522	802	8	望洋兴叹	FightSkillXiaoYao_2	12	0	1	1	1	1	49	6	1	0	2	52		382	-1	0	0	0	1	-1	-1	-1	-1	-1	-1	-1	-1	23	身体受击点	-1	5	1200	0	12	-1	1	-1	0	0	0	-1	-1	0	-1	0	0	0	-1	0	0	3173	3174	3175	3176	3177	3178	3179	3180	3181	3182	3183	3184	"海纳百川,进退两难"
524	804	8	蝴蝶阵	FightSkillXiaoYao_3	12	0	1	1	1	1	49	2	-1	0	2	53		384	-1	0	0	0	0	-1	-1	-1	-1	-1	-1	-1	-1	-1		-1	4	1200	-1	-1	-1	1	-1	0	0	0	-1	-1	0	-1	4	360	6	-1	0	0	3197	3198	3199	3200	3201	3202	3203	3204	3205	3206	3207	3208	"蝴蝶舞轻风,天地随我动，拥有瞬间的爆发力"
525	805	8	八门金锁	FightSkillXiaoYao_4	12	0	0	1	1	1	50	0	-1	0	0	54	385	386	-1	0	0	0	0	-1	-1	-1	-1	-1	-1	-1	-1	-1		-1	0	1200	-1	-1	0	-1	-1	0	0	0	100	-1	0	-1	0	0	0	-1	0	0	3209	3210	3211	3212	3213	3214	3215	3216	3217	3218	3219	3220	"乾坤战法,诱敌深入,给人致命一击"
526	806	8	一字长蛇	FightSkillXiaoYao_5	12	0	0	1	1	1	50	7	-1	0	0	55	387	388	-1	0	0	0	0	-1	-1	-1	-1	-1	-1	-1	-1	-1		-1	0	1200	-1	-1	0	-1	-1	0	0	0	100	-1	0	-1	0	0	0	-1	0	0	3221	3222	3223	3224	3225	3226	3227	3228	3229	3230	3231	3232	"乾坤战法,初看简单,却又蕴藏玄机,让对手寸步难移"
527	807	8	太乙三才	FightSkillXiaoYao_6	12	0	0	1	1	1	50	4	-1	0	0	56	389	390	-1	0	0	0	0	-1	-1	-1	-1	-1	-1	-1	-1	-1		-1	0	1200	-1	-1	0	-1	-1	0	0	0	100	-1	0	-1	0	0	0	-1	0	0	3233	3234	3235	3236	3237	3238	3239	3240	3241	3242	3243	3244	"乾坤战法,让人琢磨不透,给敌人造成混乱"
528	808	8	八阵图	FightSkillXiaoYao_7	12	0	0	1	1	1	50	1	-1	0	0	57	391	392	-1	0	0	0	0	-1	-1	-1	-1	-1	-1	-1	-1	-1		-1	0	1200	-1	-1	0	-1	-1	0	0	0	100	-1	0	-1	0	0	0	-1	0	0	3245	3246	3247	3248	3249	3250	3251	3252	3253	3254	3255	3256	"旭日东升,星落八阵"
529	809	8	火眼金睛	FightSkillXiaoYao_8	12	0	0	1	1	1	51	8	-1	0	2	58		393	-1	0	0	0	0	-1	-1	-1	-1	-1	-1	-1	-1	-1		-1	0	1200	-1	-1	1	-1	-1	0	0	0	100	-1	0	-1	0	0	0	-1	0	0	3257	3258	3259	3260	3261	3262	3263	3264	3265	3266	3267	3268	"修身养性,抗拒潜在威胁"
530	810	8	众妙之门	FightSkillXiaoYao_9	12	0	0	1	1	1	51	5	-1	0	2	59		394	-1	0	0	0	0	-1	-1	-1	-1	-1	-1	-1	-1	-1		-1	0	1200	-1	-1	1	-1	-1	0	0	0	100	-1	0	-1	0	0	0	-1	0	0	3269	3270	3271	3272	3273	3274	3275	3276	3277	3278	3279	3280	"屏气宁神,使自己更为专注"
531	811	8	神光离合	FightSkillXiaoYao_10	12	0	0	1	1	1	51	2	-1	0	2	60		395	-1	0	0	0	0	-1	-1	-1	-1	-1	-1	-1	-1	-1		-1	0	1200	-1	-1	1	-1	-1	0	0	0	100	-1	0	-1	0	0	0	-1	0	0	3281	3282	3283	3284	3285	3286	3287	3288	3289	3290	3291	3292	"豁然开朗,下手却更加狠毒"
532	812	8	凌波微步	FightSkillXiaoYao_11	12	0	0	1	1	1	52	9	-1	0	2	61		396	-1	0	0	0	0	-1	-1	-1	-1	-1	-1	-1	-1	-1		-1	0	1200	-1	-1	1	-1	-1	0	0	0	100	-1	0	-1	0	0	0	-1	0	0	3293	3294	3295	3296	3297	3298	3299	3300	3301	3302	3303	3304	"步履轻盈,随波而至,随波而去"
533	813	8	履霜冰至	FightSkillXiaoYao_12	12	0	1	1	1	1	52	6	1	0	2	62		397	-1	0	0	0	1	-1	-1	-1	-1	-1	-1	-1	-1	16	身体受击点	-1	5	1200	0	12	-1	1	-1	0	0	0	100	-1	0	-1	0	0	0	-1	0	0	3305	3306	3307	3308	3309	3310	3311	3312	3313	3314	3315	3316	殷红的飞雪夹杂寒冰真气冻结对手的战意
534	814	8	欲擒故纵	FightSkillXiaoYao_13	12	0	0	1	1	1	52	3	-1	0	2	63		398	-1	0	0	0	0	-1	-1	-1	-1	-1	-1	-1	-1	-1		-1	0	1200	-1	-1	1	-1	-1	0	0	0	100	-1	0	-1	0	0	0	-1	0	0	3317	3317	3317	3317	3317	3317	3317	3317	3317	3317	3317	3317	将对手的痛苦转化为自己的快乐
535	815	8	退避三舍	FightSkillXiaoYao_14	12	0	0	1	0	1	53	0	-1	0	2	64		399	-1	0	0	0	0	-1	-1	-1	-1	-1	-1	-1	-1	-1		-1	0	1200	-1	-1	1	-1	-1	0	0	0	100	-1	0	-1	0	0	0	-1	0	0	3329	3329	3329	3329	3329	3329	3329	3329	3329	3329	3329	3329	和对手保持距离为上上之选
536	816	8	朝三暮四	FightSkillXiaoYao_15	12	0	0	1	1	1	53	0	-1	0	2	65		401	-1	0	0	0	0	-1	-1	-1	-1	-1	-1	-1	-1	-1		-1	0	1200	-1	-1	1	-1	-1	0	0	0	100	-1	0	-1	0	0	0	-1	0	0	3341	3342	3343	3344	3345	3346	3347	3348	3349	3350	3351	3352	"迂回作战,保存实力"
537	817	8	一呼百应	FightSkillXiaoYao_16	12	0	1	1	1	1	53	0	-1	0	2	66		402	-1	0	0	0	0	-1	-1	-1	-1	-1	-1	-1	-1	-1		-1	0	1200	-1	-1	0	-1	-1	0	0	0	100	-1	0	-1	12	360	-1	-1	0	0	3353	3353	3353	3353	3353	3353	3353	3353	3353	3353	3353	3353	愤怒的火焰将潜在的能量一并爆发
#	#	#																																																																	
551	1001	-1	高级打击(NPC)	Food_1	-1	0	0	1	1	1	-1	0	0	0	2	0		450	-1	0	1	0	1	-1	-1	-1	-1	-1	-1	-1	-1	-1		-1	5	1200	0	2	-1	1	-1	0	0	0	-1	-1	0	-1	0	0	0	-1	0	0	3521	3522	3523	3524	3525	3526	3527	3528	3529	3530	3531	3532	近身攻击加物理伤害(NPC)
552	1002	-1	远程普通攻击(NPC)	Food_1	-1	0	0	1	0	1	-1	0	1	0	2	1		451	-1	0	1	0	1	-1	-1	-1	-1	-1	-1	-1	-1	43	身体受击点	-1	5	1200	6	12	-1	1	-1	0	0	0	-1	-1	0	-1	0	0	0	-1	0	0	3533	3533	3533	3533	3533	3533	3533	3533	3533	3533	3533	3533	远程普通攻击(NPC)
553	1003	-1	寒冰咒(NPC)	Food_1	-1	0	0	1	1	1	-1	0	1	0	2	2		452	-1	0	1	0	1	-1	-1	-1	-1	-1	-1	-1	-1	35	身体受击点	-1	5	1200	6	12	-1	1	-1	0	0	0	-1	-1	0	-1	0	0	0	-1	0	0	3545	3546	3547	3548	3549	3550	3551	3552	3553	3554	3555	3556	远程冰攻加强(NPC)
554	1004	-1	烈火咒(NPC)	Food_1	-1	0	0	1	1	1	-1	0	1	0	2	3		453	-1	0	1	0	1	-1	-1	-1	-1	-1	-1	-1	-1	36	身体受击点	-1	5	1200	6	12	-1	1	-1	0	0	0	-1	-1	0	-1	0	0	0	-1	0	0	3557	3558	3559	3560	3561	3562	3563	3564	3565	3566	3567	3568	远程火攻加强(NPC)
555	1005	-1	玄雷咒(NPC)	Food_1	-1	0	0	1	1	1	-1	0	1	0	2	4		454	-1	0	1	0	1	-1	-1	-1	-1	-1	-1	-1	-1	38	身体受击点	-1	5	1200	6	12	-1	1	-1	0	0	0	-1	-1	0	-1	0	0	0	-1	0	0	3569	3570	3571	3572	3573	3574	3575	3576	3577	3578	3579	3580	远程玄攻加强(NPC)
556	1006	-1	血毒咒(NPC)	Food_1	-1	0	0	1	1	1	-1	0	1	0	2	5		455	-1	0	1	0	1	-1	-1	-1	-1	-1	-1	-1	-1	37	身体受击点	-1	5	1200	6	12	-1	1	-1	0	0	0	-1	-1	0	-1	0	0	0	-1	0	0	3581	3582	3583	3584	3585	3586	3587	3588	3589	3590	3591	3592	远程毒攻加强(NPC)
557	1007	-1	冰爆（NPC）	Food_1	-1	0	0	1	1	1	-1	0	-1	0	2	6		456	-1	0	1	0	0	-1	-1	-1	-1	-1	-1	-1	-1	-1		-1	4	1200	-1	-1	-1	1	-1	0	0	0	-1	-1	0	-1	4	360	6	-1	0	0	3593	3594	3595	3596	3597	3598	3599	3600	3601	3602	3603	3604	冰系群攻（NPC）
558	1008	-1	火爆（NPC）	Food_1	-1	0	0	1	1	1	-1	0	-1	0	2	7		457	-1	0	1	0	0	-1	-1	-1	-1	-1	-1	-1	-1	-1		-1	4	1200	-1	-1	-1	1	-1	0	0	0	-1	-1	0	-1	4	360	6	-1	0	0	3605	3606	3607	3608	3609	3610	3611	3612	3613	3614	3615	3616	火系群攻
559	1009	-1	雷爆（NPC）	Food_1	-1	0	0	1	1	1	-1	0	-1	0	2	8		458	-1	0	1	0	0	-1	-1	-1	-1	-1	-1	-1	-1	-1		-1	4	1200	-1	-1	-1	1	-1	0	0	0	-1	-1	0	-1	4	360	6	-1	0	0	3617	3618	3619	3620	3621	3622	3623	3624	3625	3626	3627	3628	玄系群攻
560	1010	-1	毒爆（NPC)	Food_1	-1	0	0	1	1	1	-1	0	-1	0	2	9		459	-1	0	1	0	0	-1	-1	-1	-1	-1	-1	-1	-1	-1		-1	4	1200	-1	-1	-1	1	-1	0	0	0	-1	-1	0	-1	4	360	6	-1	0	0	3629	3630	3631	3632	3633	3634	3635	3636	3637	3638	3639	3640	毒系群攻
561	1011	-1	群魔乱舞（NPC）	Food_1	-1	0	0	1	1	1	-1	0	-1	0	2	10		460	-1	0	1	0	0	-1	-1	-1	-1	-1	-1	-1	-1	-1		-1	4	1200	-1	-1	-1	1	-1	0	0	0	-1	-1	0	-1	4	360	6	-1	0	0	3641	3642	3643	3644	3645	3646	3647	3648	3649	3650	3651	3652	群魔乱舞
562	1012	-1	震地攻击（NPC）	Food_1	-1	0	0	1	1	1	-1	0	-1	0	2	11		461	-1	0	1	0	0	-1	-1	-1	-1	-1	-1	-1	-1	-1		-1	4	1200	-1	-1	-1	1	-1	0	0	0	-1	-1	0	-1	4	360	6	-1	0	0	3653	3654	3655	3656	3657	3658	3659	3660	3661	3662	3663	3664	群魔乱舞
563	1013	-1	封穴(NPC)	Food_1	-1	0	0	1	1	1	-1	0	0	0	2	12		462	-1	0	1	0	1	-1	-1	-1	-1	-1	-1	-1	-1	-1		-1	5	1200	0	2	-1	1	-1	0	0	0	-1	-1	0	-1	0	0	0	-1	0	0	3665	3666	3667	3668	3669	3670	3671	3672	3673	3674	3675	3676	封穴(NPC)
564	1014	-1	麻痹(NPC)	Food_1	-1	0	0	1	1	1	-1	0	0	0	2	13		463	-1	0	1	0	1	-1	-1	-1	-1	-1	-1	-1	-1	-1		-1	5	1200	0	2	-1	1	-1	0	0	0	-1	-1	0	-1	0	0	0	-1	0	0	3677	3678	3679	3680	3681	3682	3683	3684	3685	3686	3687	3688	麻痹(NPC)
566	1016	-1	围困	Food_1	-1	0	0	1	1	1	-1	0	-1	0	2	14		464	-1	0	1	0	1	-1	-1	-1	-1	-1	-1	-1	-1	-1		-1	5	1200	0	2	-1	1	-1	0	0	0	-1	-1	0	-1	0	0	0	-1	0	0	3701	3702	3703	3704	3705	3706	3707	3708	3709	3710	3711	3712	围困
567	1017	-1	石化	Food_1	-1	0	0	1	1	1	-1	0	-1	0	2	15		465	-1	0	1	0	1	-1	-1	-1	-1	-1	-1	-1	-1	-1		-1	5	1200	0	2	-1	1	-1	0	0	0	-1	-1	0	-1	0	0	0	-1	0	0	3713	3714	3715	3716	3717	3718	3719	3720	3721	3722	3723	3724	石化
568	1018	-1	失明	Food_1	-1	0	0	1	1	1	-1	0	-1	0	2	16		466	-1	0	1	0	1	-1	-1	-1	-1	-1	-1	-1	-1	-1		-1	5	1200	0	2	-1	1	-1	0	0	0	-1	-1	0	-1	0	0	0	-1	0	0	3725	3726	3727	3728	3729	3730	3731	3732	3733	3734	3735	3736	失明
569	1019	-1	恐惧	Food_1	-1	0	0	1	1	1	-1	0	-1	0	2	17		467	-1	0	1	0	1	-1	-1	-1	-1	-1	-1	-1	-1	-1		-1	5	1200	0	2	-1	1	-1	0	0	0	-1	-1	0	-1	0	0	0	-1	0	0	3737	3738	3739	3740	3741	3742	3743	3744	3745	3746	3747	3748	恐惧
570	1020	-1	寸步难移	Food_1	-1	0	0	1	1	1	-1	0	-1	0	2	18		468	-1	0	1	0	1	-1	-1	-1	-1	-1	-1	-1	-1	-1		-1	5	1200	0	2	-1	1	-1	0	0	0	-1	-1	0	-1	0	0	0	-1	0	0	3749	3750	3751	3752	3753	3754	3755	3756	3757	3758	3759	3760	寸步难移
571	1021	-1	缠绕	Food_1	-1	0	0	1	1	1	-1	0	-1	0	2	19		469	-1	0	1	0	1	-1	-1	-1	-1	-1	-1	-1	-1	-1		-1	5	1200	0	2	-1	1	-1	0	0	0	-1	-1	0	-1	0	0	0	-1	0	0	3761	3762	3763	3764	3765	3766	3767	3768	3769	3770	3771	3772	缠绕
572	1022	-1	就擒	Food_1	-1	0	0	1	1	1	-1	0	-1	0	2	20		470	-1	0	1	0	1	-1	-1	-1	-1	-1	-1	-1	-1	-1		-1	5	1200	0	2	-1	1	-1	0	0	0	-1	-1	0	-1	0	0	0	-1	0	0	3773	3774	3775	3776	3777	3778	3779	3780	3781	3782	3783	3784	就擒
573	1023	-1	死缠烂打(NPC)	Food_1	-1	0	0	1	1	1	-1	0	-1	0	2	21		471	-1	0	1	0	1	-1	-1	-1	-1	-1	-1	-1	-1	-1		-1	5	1200	0	2	-1	1	-1	0	0	0	-1	-1	0	-1	0	0	0	-1	0	0	3785	3786	3787	3788	3789	3790	3791	3792	3793	3794	3795	3796	近身减速(NPC)
574	1024	-1	软弱无力(NPC)	Food_1	-1	0	0	1	1	1	-1	0	-1	0	2	22		472	-1	0	1	0	1	-1	-1	-1	-1	-1	-1	-1	-1	-1		-1	5	1200	0	12	-1	1	-1	0	0	0	-1	-1	0	-1	0	0	0	-1	0	0	3797	3798	3799	3800	3801	3802	3803	3804	3805	3806	3807	3808	削弱力量(NPC)
575	1025	-1	反应迟钝(NPC)	Food_1	-1	0	0	1	1	1	-1	0	-1	0	2	23		473	-1	0	1	0	1	-1	-1	-1	-1	-1	-1	-1	-1	-1		-1	5	1200	0	12	-1	1	-1	0	0	0	-1	-1	0	-1	0	0	0	-1	0	0	3809	3810	3811	3812	3813	3814	3815	3816	3817	3818	3819	3820	削弱身法(NPC)
576	1026	-1	身体虚弱(NPC)	Food_1	-1	0	0	1	1	1	-1	0	-1	0	2	24		474	-1	0	1	0	1	-1	-1	-1	-1	-1	-1	-1	-1	-1		-1	5	1200	0	12	-1	1	-1	0	0	0	-1	-1	0	-1	0	0	0	-1	0	0	3821	3822	3823	3824	3825	3826	3827	3828	3829	3830	3831	3832	削弱耐力(NPC)
577	1027	-1	无精打采(NPC)	Food_1	-1	0	0	1	1	1	-1	0	-1	0	2	25		475	-1	0	1	0	1	-1	-1	-1	-1	-1	-1	-1	-1	-1		-1	5	1200	0	12	-1	1	-1	0	0	0	-1	-1	0	-1	0	0	0	-1	0	0	3833	3834	3835	3836	3837	3838	3839	3840	3841	3842	3843	3844	削弱定力(NPC)
578	1028	-1	内力外泄(NPC)	Food_1	-1	0	0	1	1	1	-1	0	-1	0	2	26		476	-1	0	1	0	1	-1	-1	-1	-1	-1	-1	-1	-1	-1		-1	5	1200	0	12	-1	1	-1	0	0	0	-1	-1	0	-1	0	0	0	-1	0	0	3845	3846	3847	3848	3849	3850	3851	3852	3853	3854	3855	3856	削弱内力(NPC)
579	1029	-1	弱不禁风(NPC)	Food_1	-1	0	0	1	1	1	-1	0	-1	0	2	27		477	-1	0	1	0	1	-1	-1	-1	-1	-1	-1	-1	-1	-1		-1	5	1200	0	12	-1	1	-1	0	0	0	-1	-1	0	-1	0	0	0	-1	0	0	3857	3858	3859	3860	3861	3862	3863	3864	3865	3866	3867	3868	削弱防御(NPC)
580	1030	-1	噬血(NPC)	Food_1	-1	0	0	1	1	1	-1	0	-1	0	2	28		478	-1	0	1	0	1	-1	-1	-1	-1	-1	-1	-1	-1	-1		-1	5	1200	0	12	-1	1	-1	0	0	0	-1	-1	0	-1	0	0	0	-1	0	0	3869	3870	3871	3872	3873	3874	3875	3876	3877	3878	3879	3880	噬血(NPC)
581	1031	-1	中毒(NPC)	Food_1	-1	0	0	1	1	1	-1	0	-1	0	2	29		479	-1	0	1	0	1	-1	-1	-1	-1	-1	-1	-1	-1	-1		-1	5	1200	0	12	-1	1	-1	0	0	0	-1	-1	0	-1	0	0	0	-1	0	0	3881	3882	3883	3884	3885	3886	3887	3888	3889	3890	3891	3892	中毒(NPC)
582	1032	-1	治疗(NPC)	Food_1	-1	0	0	1	1	1	-1	0	-1	0	2	30		480	-1	0	1	0	0	-1	-1	-1	-1	-1	-1	-1	-1	-1		-1	0	1200	-1	-1	1	0	-1	0	0	0	100	-1	0	-1	0	0	0	-1	0	0	3893	3894	3895	3896	3897	3898	3899	3900	3901	3902	3903	3904	瞬发自我治疗(NPC)
583	1033	-1	净化驱散SOT，DOT(NPC)	Food_1	-1	0	0	1	1	1	-1	0	-1	0	2	31		481	-1	0	1	0	0	-1	-1	-1	-1	-1	-1	-1	-1	-1		-1	0	1200	-1	-1	1	0	-1	1	0	0	100	-1	0	-1	0	0	0	-1	0	0	3905	3906	3907	3908	3909	3910	3911	3912	3913	3914	3915	3916	"瞬发驱散SOT,DOT(NPC)"
584	1034	-1	嗜血增加物攻(NPC)	Food_1	-1	0	0	1	1	1	-1	0	-1	0	2	32		482	-1	0	1	0	0	-1	-1	-1	-1	-1	-1	-1	-1	-1		-1	0	1200	-1	-1	1	0	-1	1	0	0	100	-1	0	-1	0	0	0	-1	0	0	3917	3918	3919	3920	3921	3922	3923	3924	3925	3926	3927	3928	增加物攻(NPC)
585	1035	-1	石肤增加防御(NPC)	Food_1	-1	0	0	1	1	1	-1	0	-1	0	2	33		483	-1	0	1	0	0	-1	-1	-1	-1	-1	-1	-1	-1	-1		-1	0	1200	-1	-1	1	0	-1	1	0	0	100	-1	0	-1	0	0	0	-1	0	0	3929	3930	3931	3932	3933	3934	3935	3936	3937	3938	3939	3940	SOT增加防御(NPC)
586	1036	-1	开膛(伤半血NPC)	Food_1	-1	0	0	1	1	1	-1	0	-1	0	2	34		484	-1	0	1	0	1	-1	-1	-1	-1	-1	-1	-1	-1	-1		-1	5	1200	0	2	-1	1	-1	0	0	0	-1	-1	0	-1	0	0	0	-1	0	0	3941	3941	3941	3941	3941	3941	3941	3941	3941	3941	3941	3941	开膛
587	1037	-1	破抗(NPC)	Food_1	-1	0	0	1	1	1	-1	0	-1	0	2	35		485	-1	0	1	0	1	-1	-1	-1	-1	-1	-1	-1	-1	-1		-1	5	1200	0	12	-1	1	-1	0	0	0	-1	-1	0	-1	0	0	0	-1	0	0	3953	3954	3955	3956	3957	3958	3959	3960	3961	3962	3963	3964	SOT削弱抗性(NPC)
#	#	#																																																																	
652	1102	-1	冰精	PetSkill2_13	-1	0	0	1	1	1	-1	0	-1	0	2	0		487	-1	0	2	0	0	2	100	-1	-1	-1	-1	-1	-1	-1		-1	0	1200	-1	-1	0	0	-1	0	0	0	100	-1	0	-1	0	0	0	-1	0	0	4733	4733	4733	4733	4733	4733	4733	4733	4733	4733	4733	4733	宠物的特性，可吸食冰系法术伤害，却畏惧火系法术伤害
653	1103	-1	火灵	PetSkill2_14	-1	0	0	1	1	1	-1	0	-1	0	2	0		488	-1	0	2	0	0	2	100	-1	-1	-1	-1	-1	-1	-1		-1	0	1200	-1	-1	0	0	-1	0	0	0	100	-1	0	-1	0	0	0	-1	0	0	4745	4745	4745	4745	4745	4745	4745	4745	4745	4745	4745	4745	宠物的特性，可吸食火系法术伤害，却畏惧冰系法术伤害
654	1104	-1	毒蛊	PetSkill3_3	-1	0	0	1	1	1	-1	0	-1	0	2	0		489	-1	0	2	0	0	2	100	-1	-1	-1	-1	-1	-1	-1		-1	0	1200	-1	-1	0	0	-1	0	0	0	100	-1	0	-1	0	0	0	-1	0	0	4757	4757	4757	4757	4757	4757	4757	4757	4757	4757	4757	4757	宠物的特性，可吸食毒系法术伤害，却畏惧玄系法术伤害
655	1105	-1	玄兽	PetSkill3_8	-1	0	0	1	1	1	-1	0	-1	0	2	0		490	-1	0	2	0	0	2	100	-1	-1	-1	-1	-1	-1	-1		-1	0	1200	-1	-1	0	0	-1	0	0	0	100	-1	0	-1	0	0	0	-1	0	0	4769	4769	4769	4769	4769	4769	4769	4769	4769	4769	4769	4769	宠物的特性，可吸食玄系法术伤害，却畏惧毒系法术伤害
656	1106	-1	迟钝	PetSkill1_7	-1	0	0	1	1	1	-1	0	-1	0	2	0		491	-1	0	2	0	0	2	100	-1	-1	-1	-1	-1	-1	-1		-1	0	1200	-1	-1	1	0	-1	0	0	0	100	-1	0	-1	0	0	0	-1	0	0	4781	4781	4781	4781	4781	4781	4781	4781	4781	4781	4781	4781	迟钝（特性，增强自身血上限，但命中和闪避削弱）
657	1107	-1	狡猾	PetSkill3_6	-1	0	0	1	1	1	-1	0	-1	0	2	0		492	-1	0	2	0	0	2	100	-1	-1	-1	-1	-1	-1	-1		-1	0	1200	-1	-1	1	0	-1	0	0	0	100	-1	0	-1	0	0	0	-1	0	0	4793	4793	4793	4793	4793	4793	4793	4793	4793	4793	4793	4793	狡猾（特性，增强自身命中、闪避，但防御（外/内）被削弱）
658	1108	-1	憨厚	PetSkill3_7	-1	0	0	1	1	1	-1	0	-1	0	2	0		493	-1	0	2	0	0	2	100	-1	-1	-1	-1	-1	-1	-1		-1	0	1200	-1	-1	1	0	-1	0	0	0	100	-1	0	-1	0	0	0	-1	0	0	4805	4805	4805	4805	4805	4805	4805	4805	4805	4805	4805	4805	憨厚（特性，增强自身防御（外/内），削弱自身会心）
659	1109	-1	拼命	PetSkill3_5	-1	0	0	1	1	1	-1	0	-1	0	2	0		494	-1	0	2	0	0	2	100	-1	-1	-1	-1	-1	-1	-1		-1	0	1200	-1	-1	1	0	-1	0	0	0	100	-1	0	-1	0	0	0	-1	0	0	4817	4817	4817	4817	4817	4817	4817	4817	4817	4817	4817	4817	拼命（特性，增强宠物的会心，但血上限被削弱）
660	1110	-1	法魂	PetSkill3_9	-1	0	0	1	1	1	-1	0	-1	0	2	0		495	-1	0	2	0	0	2	100	-1	-1	-1	-1	-1	-1	-1		-1	0	1200	-1	-1	1	0	-1	0	0	0	100	-1	0	-1	0	0	0	-1	0	0	4829	4829	4829	4829	4829	4829	4829	4829	4829	4829	4829	4829	法魂（增强自身内攻，削弱自身外功）
661	1111	-1	蛮力	PetSkill3_10	-1	0	0	1	1	1	-1	0	-1	0	2	0		496	-1	0	2	0	0	2	100	-1	-1	-1	-1	-1	-1	-1		-1	0	1200	-1	-1	1	0	-1	0	0	0	100	-1	0	-1	0	0	0	-1	0	0	4841	4841	4841	4841	4841	4841	4841	4841	4841	4841	4841	4841	蛮力（增强自身外功，削弱自身内攻）
662	1112	-1	借力	PetSkill3_13	-1	0	0	1	1	1	-1	0	-1	0	2	0		497	-1	0	2	0	0	2	100	-1	-1	-1	-1	-1	-1	-1		-1	3	1200	-1	-1	1	0	-1	0	0	0	100	-1	0	-1	0	0	0	-1	0	0	4853	4854	4855	4856	4857	4858	4859	4860	4861	4862	4863	4864	借力（增强主人的力量）
663	1113	-1	高级借力	PetSkill3_14	-1	0	0	1	1	1	-1	0	-1	0	2	0		498	-1	0	2	0	0	2	100	-1	-1	-1	-1	-1	-1	-1		-1	3	1200	-1	-1	1	0	-1	0	0	0	100	-1	0	-1	0	0	0	-1	0	0	4865	4866	4867	4868	4869	4870	4871	4872	4873	4874	4875	4876	高级借力（增强主人的力量）
664	1114	-1	移魂	PetSkill1_5	-1	0	0	1	1	1	-1	0	-1	0	2	0		499	-1	0	2	0	0	2	100	-1	-1	-1	-1	-1	-1	-1		-1	3	1200	-1	-1	1	0	-1	0	0	0	100	-1	0	-1	0	0	0	-1	0	0	4877	4878	4879	4880	4881	4882	4883	4884	4885	4886	4887	4888	移魂（增强主人的定力）
665	1115	-1	高级移魂	PetSkill1_6	-1	0	0	1	1	1	-1	0	-1	0	2	0		500	-1	0	2	0	0	2	100	-1	-1	-1	-1	-1	-1	-1		-1	3	1200	-1	-1	1	0	-1	0	0	0	100	-1	0	-1	0	0	0	-1	0	0	4889	4890	4891	4892	4893	4894	4895	4896	4897	4898	4899	4900	高级移魂（增强主人的定力）
666	1116	-1	加速	PetSkill3_15	-1	0	0	1	1	1	-1	0	-1	0	2	0		501	-1	0	2	0	0	2	100	-1	-1	-1	-1	-1	-1	-1		-1	3	1200	-1	-1	1	0	-1	0	0	0	100	-1	0	-1	0	0	0	-1	0	0	4901	4902	4903	4904	4905	4906	4907	4908	4909	4910	4911	4912	加速（增强主人的身法）
667	1117	-1	高级加速	PetSkill3_16	-1	0	0	1	1	1	-1	0	-1	0	2	0		502	-1	0	2	0	0	2	100	-1	-1	-1	-1	-1	-1	-1		-1	3	1200	-1	-1	1	0	-1	0	0	0	100	-1	0	-1	0	0	0	-1	0	0	4913	4914	4915	4916	4917	4918	4919	4920	4921	4922	4923	4924	高级身法（增强主人的身法）
668	1118	-1	强身	PetSkill1_3	-1	0	0	1	1	1	-1	0	-1	0	2	0		503	-1	0	2	0	0	2	100	-1	-1	-1	-1	-1	-1	-1		-1	3	1200	-1	-1	1	0	-1	0	0	0	100	-1	0	-1	0	0	0	-1	0	0	4925	4926	4927	4928	4929	4930	4931	4932	4933	4934	4935	4936	强身（增强主人的体力）
669	1119	-1	高级强身	PetSkill1_4	-1	0	0	1	1	1	-1	0	-1	0	2	0		504	-1	0	2	0	0	2	100	-1	-1	-1	-1	-1	-1	-1		-1	3	1200	-1	-1	1	0	-1	0	0	0	100	-1	0	-1	0	0	0	-1	0	0	4937	4938	4939	4940	4941	4942	4943	4944	4945	4946	4947	4948	高级强身（增强主人的体力）
670	1120	-1	凝神	PetSkill3_1	-1	0	0	1	1	1	-1	0	-1	0	2	0		505	-1	0	2	0	0	2	100	-1	-1	-1	-1	-1	-1	-1		-1	3	1200	-1	-1	1	0	-1	0	0	0	100	-1	0	-1	0	0	0	-1	0	0	4949	4950	4951	4952	4953	4954	4955	4956	4957	4958	4959	4960	凝神（增强主人的灵气）
671	1121	-1	高级凝神	PetSkill3_2	-1	0	0	1	1	1	-1	0	-1	0	2	0		506	-1	0	2	0	0	2	100	-1	-1	-1	-1	-1	-1	-1		-1	3	1200	-1	-1	1	0	-1	0	0	0	100	-1	0	-1	0	0	0	-1	0	0	4961	4962	4963	4964	4965	4966	4967	4968	4969	4970	4971	4972	高级凝神（增强主人的灵气）
672	1122	-1	极冰凝杀	PetSkill1_10	-1	0	0	1	1	1	-1	0	1	0	2	1		507	-1	0	2	0	2	0	-1	-1	-1	-1	-1	-1	-1	39		-1	7	1200	0	12	-1	1	-1	0	0	0	-1	-1	0	-1	4	360	6	-1	0	0	4973	4974	4975	4976	4977	4978	4979	4980	4981	4982	4983	4984	极冰凝杀（手动冰系群杀）
673	1123	-1	劫火焚杀	PetSkill1_8	-1	0	0	1	1	1	-1	0	1	0	2	1		508	-1	0	2	0	2	0	-1	-1	-1	-1	-1	-1	-1	40		-1	7	1200	0	12	-1	1	-1	0	0	0	-1	-1	0	-1	4	360	6	-1	0	0	4985	4986	4987	4988	4989	4990	4991	4992	4993	4994	4995	4996	劫火焚杀（手动火系群杀）
674	1124	-1	腐毒蚀杀	PetSkill1_9	-1	0	0	1	1	1	-1	0	1	0	2	1		509	-1	0	2	0	2	0	-1	-1	-1	-1	-1	-1	-1	42		-1	7	1200	0	12	-1	1	-1	0	0	0	-1	-1	0	-1	4	360	6	-1	0	0	4997	4998	4999	5000	5001	5002	5003	5004	5005	5006	5007	5008	腐毒蚀杀（手动毒系群杀）
675	1125	-1	九雷击杀	PetSkill3_4	-1	0	0	1	1	1	-1	0	1	0	2	1		510	-1	0	2	0	2	0	-1	-1	-1	-1	-1	-1	-1	41		-1	7	1200	0	12	-1	1	-1	0	0	0	-1	-1	0	-1	4	360	6	-1	0	0	5009	5010	5011	5012	5013	5014	5015	5016	5017	5018	5019	5020	玄雷击杀（手动雷系群杀）
676	1126	-1	血爆	PetSkill4_13	-1	0	0	1	1	1	-1	0	-1	0	2	1		511	-1	0	2	0	0	0	-1	-1	-1	-1	-1	-1	-1	-1		-1	4	1200	-1	-1	-1	1	-1	0	0	0	-1	-1	0	-1	4	360	6	-1	0	0	5021	5022	5023	5024	5025	5026	5027	5028	5029	5030	5031	5032	宠物的手动技，给宠物四周的敌人造成伤害
677	1127	-1	高级血爆	PetSkill4_14	-1	0	0	1	1	1	-1	0	-1	0	2	1		512	-1	0	2	0	0	0	-1	-1	-1	-1	-1	-1	-1	-1		-1	4	1200	-1	-1	-1	1	-1	0	0	0	-1	-1	0	-1	4	360	6	-1	0	0	5033	5034	5035	5036	5037	5038	5039	5040	5041	5042	5043	5044	宠物的手动技，给宠物四周的敌人造成伤害
678	1128	-1	圣爆	PetSkill4_3	-1	0	0	1	1	1	-1	0	-1	0	2	1		513	-1	0	2	0	0	0	-1	-1	-1	-1	-1	-1	-1	-1		-1	4	1200	-1	-1	1	0	-1	0	0	0	100	-1	0	-1	6	360	6	-1	0	0	5045	5046	5047	5048	5049	5050	5051	5052	5053	5054	5055	5056	宠物的手动技，给宠物四周的队友加血
679	1129	-1	高级圣爆	PetSkill4_4	-1	0	0	1	1	1	-1	0	-1	0	2	1		514	-1	0	2	0	0	0	-1	-1	-1	-1	-1	-1	-1	-1		-1	4	1200	-1	-1	1	0	-1	0	0	0	100	-1	0	-1	6	360	6	-1	0	0	5057	5058	5059	5060	5061	5062	5063	5064	5065	5066	5067	5068	宠物的手动技，给宠物四周的队友加血
680	1130	-1	冰爆	PetSkill4_7	-1	0	0	1	1	1	-1	0	-1	0	2	1		515	-1	0	2	0	0	0	-1	-1	-1	-1	-1	-1	-1	-1		-1	4	1200	-1	-1	-1	1	-1	0	0	0	-1	-1	0	-1	4	360	6	-1	0	0	5069	5069	5069	5069	5069	5069	5069	5069	5069	5069	5069	5069	宠物的手动技，冰冻宠物四周的敌人
681	1131	-1	高级冰爆	PetSkill4_8	-1	0	0	1	1	1	-1	0	-1	0	2	1		516	-1	0	2	0	0	0	-1	-1	-1	-1	-1	-1	-1	-1		-1	4	1200	-1	-1	-1	1	-1	0	0	0	-1	-1	0	-1	4	360	6	-1	0	0	5081	5081	5081	5081	5081	5081	5081	5081	5081	5081	5081	5081	宠物的手动技，冰冻宠物四周的敌人
682	1132	-1	净化	PetSkill1_15	-1	0	0	0	0	1	-1	0	-1	0	2	1		517	-1	0	2	0	0	0	-1	-1	-1	-1	-1	-1	-1	-1		-1	3	1200	-1	-1	1	0	-1	0	0	0	100	-1	0	-1	0	0	0	-1	0	0	5093	5093	5093	5093	5093	5093	5093	5093	5093	5093	5093	5093	净化（手动净化主人身上一个不良BUFF)
683	1133	-1	高级净化	PetSkill1_16	-1	0	0	0	0	1	-1	0	-1	0	2	1		518	-1	0	2	0	0	0	-1	-1	-1	-1	-1	-1	-1	-1		-1	3	1200	-1	-1	1	0	-1	0	0	0	100	-1	0	-1	0	0	0	-1	0	0	5105	5105	5105	5105	5105	5105	5105	5105	5105	5105	5105	5105	高级净化（手动净化主人身上一个不良BUFF)
684	1134	-1	重生	PetSkill5_13	-1	0	0	1	1	1	-1	0	-1	0	2	1		519	-1	0	2	0	0	0	-1	-1	-1	-1	-1	-1	-1	-1		-1	0	1200	-1	-1	1	0	-1	0	0	0	100	-1	0	-1	0	0	0	-1	0	0	5117	5117	5117	5117	5117	5117	5117	5117	5117	5117	5117	5117	重生（手动使宠物死后复活）
685	1135	-1	高级重生	PetSkill5_14	-1	0	0	1	1	1	-1	0	-1	0	2	1		520	-1	0	2	0	0	0	-1	-1	-1	-1	-1	-1	-1	-1		-1	0	1200	-1	-1	1	0	-1	0	0	0	100	-1	0	-1	0	0	0	-1	0	0	5129	5129	5129	5129	5129	5129	5129	5129	5129	5129	5129	5129	高级重生（手动使宠物死后复活）
686	1136	-1	共生	Gem1_16	-1	0	0	1	1	1	-1	0	-1	0	2	1		521	-1	0	2	0	0	0	-1	-1	-1	-1	-1	-1	-1	-1		-1	0	1200	-1	-1	1	0	-1	0	0	0	100	-1	0	-1	0	0	0	-1	0	0	5141	5141	5141	5141	5141	5141	5141	5141	5141	5141	5141	5141	共生（手动让宠匀血给主人）
687	1137	-1	高级共生	FightSkillXinXiu1_5	-1	0	0	1	1	1	-1	0	-1	0	2	1		522	-1	0	2	0	0	0	-1	-1	-1	-1	-1	-1	-1	-1		-1	0	1200	-1	-1	1	0	-1	0	0	0	100	-1	0	-1	0	0	0	-1	0	0	5153	5153	5153	5153	5153	5153	5153	5153	5153	5153	5153	5153	高级共生（手动让宠匀血给主人
688	1138	-1	治疗	PetSkill4_11	-1	0	0	1	1	1	-1	0	-1	0	2	1		523	-1	0	2	0	0	0	-1	-1	-1	-1	-1	-1	-1	-1		-1	3	1200	-1	-1	1	0	-1	0	0	0	100	-1	0	-1	0	0	0	-1	0	0	5165	5166	5167	5168	5169	5170	5171	5172	5173	5174	5175	5176	治疗（手动治疗主人）
689	1139	-1	高级治疗	PetSkill4_12	-1	0	0	1	1	1	-1	0	-1	0	2	1		524	-1	0	2	0	0	0	-1	-1	-1	-1	-1	-1	-1	-1		-1	3	1200	-1	-1	1	0	-1	0	0	0	100	-1	0	-1	0	0	0	-1	0	0	5177	5178	5179	5180	5181	5182	5183	5184	5185	5186	5187	5188	高级治疗（手动治疗主人）
690	1140	-1	肉墙	PetSkill2_9	-1	0	0	1	1	1	-1	0	-1	0	2	1		525	-1	0	2	0	0	0	-1	-1	-1	-1	-1	-1	-1	-1		-1	3	1200	-1	-1	1	0	-1	0	0	0	100	-1	0	-1	0	0	0	-1	0	0	5189	5189	5189	5189	5189	5189	5189	5189	5189	5189	5189	5189	肉墙（手动，一定时间内宠物为主人承受伤害）
691	1141	-1	高级肉墙	PetSkill2_10	-1	0	0	1	1	1	-1	0	-1	0	2	1		526	-1	0	2	0	0	0	-1	-1	-1	-1	-1	-1	-1	-1		-1	3	1200	-1	-1	1	0	-1	0	0	0	100	-1	0	-1	0	0	0	-1	0	0	5201	5201	5201	5201	5201	5201	5201	5201	5201	5201	5201	5201	高级肉墙（手动，一定时间内宠物为主人承受伤害）
692	1142	-1	神佑	PetSkill4_1	-1	0	0	1	1	1	-1	0	-1	0	2	1		527	-1	0	2	0	0	0	-1	-1	-1	-1	-1	-1	-1	-1		-1	3	1200	-1	-1	1	0	-1	0	0	0	100	-1	0	-1	0	0	0	-1	0	0	5213	5213	5213	5213	5213	5213	5213	5213	5213	5213	5213	5213	神佑（手动，宠物令主人进入无敌状态）
693	1143	-1	高级神佑	PetSkill4_2	-1	0	0	1	1	1	-1	0	-1	0	2	1		528	-1	0	2	0	0	0	-1	-1	-1	-1	-1	-1	-1	-1		-1	3	1200	-1	-1	1	0	-1	0	0	0	100	-1	0	-1	0	0	0	-1	0	0	5225	5225	5225	5225	5225	5225	5225	5225	5225	5225	5225	5225	高级神佑（手动，宠物令主人进入无敌状态）
694	1144	-1	嗜血	PetSkill2_9	-1	0	0	1	1	1	-1	0	-1	0	2	1		529	-1	0	2	0	0	0	-1	-1	-1	-1	-1	-1	-1	-1		-1	0	1200	-1	-1	1	0	-1	0	0	0	100	-1	0	-1	0	0	0	-1	0	0	5237	5237	5237	5237	5237	5237	5237	5237	5237	5237	5237	5237	嗜血（手动，宠物进入嗜血状态）
695	1145	-1	高级嗜血	PetSkill2_10	-1	0	0	1	1	1	-1	0	-1	0	2	1		530	-1	0	2	0	0	0	-1	-1	-1	-1	-1	-1	-1	-1		-1	0	1200	-1	-1	1	0	-1	0	0	0	100	-1	0	-1	0	0	0	-1	0	0	5249	5249	5249	5249	5249	5249	5249	5249	5249	5249	5249	5249	高级嗜血（手动，宠物进入嗜血状态）
696	1146	-1	血祭	PetSkill1_9	-1	0	0	1	1	1	-1	0	-1	0	2	1		531	-1	0	2	0	0	0	-1	-1	-1	-1	-1	-1	-1	-1		-1	0	1200	-1	-1	1	0	-1	0	0	0	100	-1	0	-1	0	0	0	-1	0	0	5261	5261	5261	5261	5261	5261	5261	5261	5261	5261	5261	5261	血祭（手动，用宠物的HP换取主人MP）
697	1147	-1	高级血祭	PetSkill1_10	-1	0	0	1	1	1	-1	0	-1	0	2	1		532	-1	0	2	0	0	0	-1	-1	-1	-1	-1	-1	-1	-1		-1	0	1200	-1	-1	1	0	-1	0	0	0	100	-1	0	-1	0	0	0	-1	0	0	5273	5273	5273	5273	5273	5273	5273	5273	5273	5273	5273	5273	高级血祭（手动，用宠物的HP换取主人MP）
698	1148	-1	伪装	PetSkill5_4	-1	0	0	1	1	1	-1	0	-1	0	2	1		533	-1	0	2	0	0	0	-1	-1	-1	-1	-1	-1	-1	-1		-1	0	1200	-1	-1	1	0	-1	0	0	0	100	-1	0	-1	0	0	0	-1	0	0	5285	5285	5285	5285	5285	5285	5285	5285	5285	5285	5285	5285	伪装(手动，令宠物进入无敌状态)
699	1149	-1	高级伪装	PetSkill5_5	-1	0	0	1	1	1	-1	0	-1	0	2	1		534	-1	0	2	0	0	0	-1	-1	-1	-1	-1	-1	-1	-1		-1	0	1200	-1	-1	1	0	-1	0	0	0	100	-1	0	-1	0	0	0	-1	0	0	5297	5297	5297	5297	5297	5297	5297	5297	5297	5297	5297	5297	高级伪装(手动，令宠物进入无敌状态)
700	1150	-1	附身	PetSkill2_5	-1	0	0	1	1	1	-1	0	-1	0	1	1	535	535	-1	0	2	0	1	0	-1	-1	-1	-1	-1	-1	-1	-1		-1	5	1200	0	12	-1	1	-1	0	2000	0	100	-1	0	-1	0	0	0	-1	0	0	5309	5309	5309	5309	5309	5309	5309	5309	5309	5309	5309	5309	附身（宠物控制一个敌人）
701	1151	-1	高级附身	PetSkill2_6	-1	0	0	1	1	1	-1	0	-1	0	1	1	536	536	-1	0	2	0	1	0	-1	-1	-1	-1	-1	-1	-1	-1		-1	5	1200	0	12	-1	1	-1	0	2000	0	100	-1	0	-1	0	0	0	-1	0	0	5321	5321	5321	5321	5321	5321	5321	5321	5321	5321	5321	5321	高级附身（宠物控制一个敌人）
702	1152	-1	寒冰咒	PetSkill5_9	-1	0	0	1	1	1	-1	0	1	0	2	0		537	-1	0	2	0	1	1	10	1	-1	-1	-1	-1	-1	35	身体受击点	-1	5	1200	0	12	-1	1	-1	0	0	0	-1	-1	0	-1	0	0	0	-1	0	0	5333	5334	5335	5336	5337	5338	5339	5340	5341	5342	5343	5344	宠物的法攻技能
703	1153	-1	烈火咒	PetSkill5_10	-1	0	0	1	1	1	-1	0	1	0	2	0		538	-1	0	2	0	1	1	10	1	-1	-1	-1	-1	-1	36	身体受击点	-1	5	1200	0	12	-1	1	-1	0	0	0	-1	-1	0	-1	0	0	0	-1	0	0	5345	5346	5347	5348	5349	5350	5351	5352	5353	5354	5355	5356	宠物的法攻技能
704	1154	-1	血毒咒	PetSkill5_11	-1	0	0	1	1	1	-1	0	1	0	2	0		539	-1	0	2	0	1	1	10	1	-1	-1	-1	-1	-1	37	身体受击点	-1	5	1200	0	12	-1	1	-1	0	0	0	-1	-1	0	-1	0	0	0	-1	0	0	5357	5358	5359	5360	5361	5362	5363	5364	5365	5366	5367	5368	宠物的法攻技能
705	1155	-1	玄雷咒	PetSkill5_12	-1	0	0	1	1	1	-1	0	1	0	2	0		540	-1	0	2	0	1	1	10	1	-1	-1	-1	-1	-1	38	身体受击点	-1	5	1200	0	12	-1	1	-1	0	0	0	-1	-1	0	-1	0	0	0	-1	0	0	5369	5370	5371	5372	5373	5374	5375	5376	5377	5378	5379	5380	宠物的法攻技能
706	1156	-1	反击	PetSkill1_1	-1	0	0	1	1	1	-1	0	-1	0	2	0		541	-1	0	2	0	0	1	-1	4	-1	-1	-1	-1	-1	-1		-1	0	1200	-1	-1	1	0	-1	0	0	0	100	-1	0	-1	0	0	0	-1	0	0	5381	5381	5381	5381	5381	5381	5381	5381	5381	5381	5381	5381	宠物的报复技能，受到攻击时能报复敌人
707	1157	-1	高级反击	PetSkill1_2	-1	0	0	1	1	1	-1	0	-1	0	2	0		542	-1	0	2	0	0	1	-1	4	-1	-1	-1	-1	-1	-1		-1	0	1200	-1	-1	1	0	-1	0	0	0	100	-1	0	-1	0	0	0	-1	0	0	5393	5393	5393	5393	5393	5393	5393	5393	5393	5393	5393	5393	宠物的报复技能，受到攻击时能报复敌人
708	1158	-1	吸血	PetSkill5_15	-1	0	0	1	1	1	-1	0	-1	0	2	0		543	-1	0	2	0	0	1	-1	4	-1	-1	-1	-1	-1	-1		-1	0	1200	-1	-1	1	0	-1	0	0	0	100	-1	0	-1	0	0	0	-1	0	0	5405	5405	5405	5405	5405	5405	5405	5405	5405	5405	5405	5405	宠物的报复技能，能吸取敌人生命
709	1159	-1	高级吸血	PetSkill5_16	-1	0	0	1	1	1	-1	0	-1	0	2	0		544	-1	0	2	0	0	1	-1	4	-1	-1	-1	-1	-1	-1		-1	0	1200	-1	-1	1	0	-1	0	0	0	100	-1	0	-1	0	0	0	-1	0	0	5417	5417	5417	5417	5417	5417	5417	5417	5417	5417	5417	5417	宠物的报复技能，能吸取敌人生命
710	1160	-1	反震	PetSkill1_13	-1	0	0	1	1	1	-1	0	-1	0	2	0		545	-1	0	2	0	0	1	-1	4	-1	-1	-1	-1	-1	-1		-1	0	1200	-1	-1	1	0	-1	0	0	0	100	-1	0	-1	0	0	0	-1	0	0	5429	5429	5429	5429	5429	5429	5429	5429	5429	5429	5429	5429	宠物的报复技能，能受到攻击时将伤害返回给对方
711	1161	-1	高级反震	PetSkill1_14	-1	0	0	1	1	1	-1	0	-1	0	2	0		546	-1	0	2	0	0	1	-1	4	-1	-1	-1	-1	-1	-1		-1	0	1200	-1	-1	1	0	-1	0	0	0	100	-1	0	-1	0	0	0	-1	0	0	5441	5441	5441	5441	5441	5441	5441	5441	5441	5441	5441	5441	宠物的报复技能，能受到攻击时将伤害返回给对方
712	1162	-1	灵动	PetSkill4_9	-1	0	0	1	1	1	-1	0	-1	0	2	0		547	-1	0	2	0	0	1	-1	3	-1	-1	-1	-1	-1	-1		-1	0	1200	-1	-1	1	0	-1	0	0	0	100	-1	0	-1	0	0	0	-1	0	0	5453	5453	5453	5453	5453	5453	5453	5453	5453	5453	5453	5453	宠物的防御技能，一定几率减小所受伤害
713	1163	-1	高级灵动	PetSkill4_10	-1	0	0	1	1	1	-1	0	-1	0	2	0		548	-1	0	2	0	0	1	-1	3	-1	-1	-1	-1	-1	-1		-1	0	1200	-1	-1	1	0	-1	0	0	0	100	-1	0	-1	0	0	0	-1	0	0	5465	5465	5465	5465	5465	5465	5465	5465	5465	5465	5465	5465	宠物的防御技能，一定几率减小所受伤害
714	1164	-1	吸气	PetSkill2_7	-1	0	0	1	1	1	-1	0	-1	0	2	0		549	-1	0	2	0	0	1	-1	3	-1	-1	-1	-1	-1	-1		-1	0	1200	-1	-1	1	0	-1	0	0	0	100	-1	0	-1	0	0	0	-1	0	0	5477	5477	5477	5477	5477	5477	5477	5477	5477	5477	5477	5477	宠物的防御技能，攻击时能够吸收敌人的内力
715	1165	-1	高级吸气	PetSkill2_8	-1	0	0	1	1	1	-1	0	-1	0	2	0		550	-1	0	2	0	0	1	-1	3	-1	-1	-1	-1	-1	-1		-1	0	1200	-1	-1	1	0	-1	0	0	0	100	-1	0	-1	0	0	0	-1	0	0	5489	5489	5489	5489	5489	5489	5489	5489	5489	5489	5489	5489	宠物的防御技能，攻击时能够吸收敌人的内力
716	1166	-1	打怒	PetSkill4_5	-1	0	0	1	1	1	-1	0	-1	0	2	0		551	-1	0	2	0	0	1	-1	3	-1	-1	-1	-1	-1	-1		-1	0	1200	-1	-1	1	0	-1	0	0	0	100	-1	0	-1	0	0	0	-1	0	0	5501	5501	5501	5501	5501	5501	5501	5501	5501	5501	5501	5501	宠物的防御技能，攻击时能打消敌人怒气
717	1167	-1	高级打怒	PetSkill4_6	-1	0	0	1	1	1	-1	0	-1	0	2	0		552	-1	0	2	0	0	1	-1	3	-1	-1	-1	-1	-1	-1		-1	0	1200	-1	-1	1	0	-1	0	0	0	100	-1	0	-1	0	0	0	-1	0	0	5513	5513	5513	5513	5513	5513	5513	5513	5513	5513	5513	5513	宠物的防御技能，攻击时能打消敌人怒气
718	1168	-1	忠心	PetSkill5_1	-1	0	0	1	1	1	-1	0	-1	0	2	0		553	-1	0	2	0	0	1	-1	2	22	-1	-1	-1	-1	-1		-1	3	1200	-1	-1	1	0	-1	0	0	0	100	-1	0	-1	0	0	0	-1	0	0	5525	5525	5525	5525	5525	5525	5525	5525	5525	5525	5525	5525	宠物的护主技能，可以一定几率帮主人抵挡必杀伤害
719	1169	-1	高级忠心	PetSkill5_2	-1	0	0	1	1	1	-1	0	-1	0	2	0		554	-1	0	2	0	0	1	-1	2	22	-1	-1	-1	-1	-1		-1	3	1200	-1	-1	1	0	-1	0	0	0	100	-1	0	-1	0	0	0	-1	0	0	5537	5537	5537	5537	5537	5537	5537	5537	5537	5537	5537	5537	宠物的护主技能，可以一定几率帮主人抵挡必杀伤害
720	1170	-1	灵气	PetSkill5_3	-1	0	0	1	1	1	-1	0	-1	0	2	0		555	-1	0	2	0	0	1	-1	2	23	-1	-1	-1	-1	-1		-1	3	1200	-1	-1	1	0	-1	0	0	0	100	-1	0	-1	0	0	0	-1	0	0	5549	5549	5549	5549	5549	5549	5549	5549	5549	5549	5549	5549	宠物的护主技能，可以一定几率帮主人抵挡不良BUFF
721	1171	-1	高级灵气	PetSkill5_4	-1	0	0	1	1	1	-1	0	-1	0	2	0		556	-1	0	2	0	0	1	-1	2	23	-1	-1	-1	-1	-1		-1	3	1200	-1	-1	1	0	-1	0	0	0	100	-1	0	-1	0	0	0	-1	0	0	5561	5561	5561	5561	5561	5561	5561	5561	5561	5561	5561	5561	宠物的护主技能，可以一定几率帮主人抵挡不良BUFF
722	1172	-1	猛击	PetSkill2_15	-1	0	0	1	1	1	-1	0	0	0	2	3		557	-1	0	2	0	1	1	10	0	-1	-1	-1	-1	-1	-1		-1	5	1200	0	2	-1	1	-1	0	0	0	-1	-1	0	-1	0	0	0	-1	0	0	5573	5574	5575	5576	5577	5578	5579	5580	5581	5582	5583	5584	宠物的物攻技能
723	1173	-1	高级猛击	PetSkill2_16	-1	0	0	1	1	1	-1	0	0	0	2	3		558	-1	0	2	0	1	1	10	0	-1	-1	-1	-1	-1	-1		-1	5	1200	0	2	-1	1	-1	0	0	0	-1	-1	0	-1	0	0	0	-1	0	0	5585	5586	5587	5588	5589	5590	5591	5592	5593	5594	5595	5596	宠物的物攻技能
724	1174	-1	识破	PetSkill5_7	-1	0	0	1	1	1	-1	0	-1	0	2	0		559	-1	0	2	0	0	1	-1	-1	-1	-1	-1	-1	-1	-1		-1	3	1200	-1	-1	1	0	-1	0	0	0	100	-1	0	-1	0	0	0	-1	0	0	5597	5598	5599	5600	5601	5602	5603	5604	5605	5606	5607	5608	加强主人识破隐身的能力
725	1175	-1	高级识破	PetSkill5_8	-1	0	0	1	1	1	-1	0	-1	0	2	0		560	-1	0	2	0	0	1	-1	-1	-1	-1	-1	-1	-1	-1		-1	3	1200	-1	-1	1	0	-1	0	0	0	100	-1	0	-1	0	0	0	-1	0	0	5609	5610	5611	5612	5613	5614	5615	5616	5617	5618	5619	5620	加强主人识破隐身的能力
