INT	INT	INT	INT	INT	INT	INT	INT	INT	INT	STRING	INT	STRING	INT	INT	INT	INT	INT	INT	INT	INT	INT	INT	INT	INT	INT	INT	INT	INT	INT	INT	INT	INT	INT	INT	INT	INT	INT	INT	INT	INT	INT	INT	INT	INT	INT	INT	INT	INT	INT	INT	INT	INT	INT	INT	INT	INT	INT	INT	INT	INT	INT	INT	INT	INT	INT	INT	INT	INT	INT	INT	INT	INT	INT	INT	INT	INT	INT	INT	INT	INT	INT	INT	STRING	STRING
Index	class(基本类型)	Quality(品质)	Type(类别)	Index(物品号)	EquipPoint(装备点)	Visual	适应规则	套装编号	套装件数	Name(名称)	Lv(需求等级)	Desc(说明)	基本价格	Max耐久	修理失败上限	镶嵌宝石上限	增加HP的上限	百分比增加HP的上限	加快HP的回复速度	数增加MP的上限	百分比增加MP的上限	加快MP的回复速度	冰攻击	冰抵抗	减少冰冻迟缓时间	火攻击	火抵抗	减少火烧持续时间	电攻击	电抵抗	减少电击眩晕时间	毒攻击	毒抵抗	减少中毒时间	按百分比抵消所有属性攻击	物理攻击	按百分比增加物理攻击	对装备基础物理攻击百分比加成	物理防御	按百分比增加物理防御	对装备基础物理防御百分比加成	按百分比抵消物理伤害	魔法攻击	按百分比增加魔法攻击	对装备基础魔法攻击百分比加成	魔法防御	按百分比增加魔法防御	对装备基础魔法防御百分比加成	按百分比抵消魔法伤害	攻击速度(两次攻击间隔时间)	魔法冷却速度	命中	闪避	会心一击（双倍攻击）的百分比	无视对方防御比率	移动速度百分比	伤害反射	伤害由内力抵消	力量	灵气	体制	定力	身法	悟性	增加所有的人物一级属性	生命偷取	内力偷取	增加某个技能等级	增加所有技能等级	特殊技能发动概率	基础物理攻击下限	基础物理攻击上限	基础魔法攻击下限	基础魔法攻击上限	基础攻击速度下限(废弃)	基础攻击速度上限(废弃)	基础物理防御下限	基础物理防御上限	基础魔法防御下限	基础魔法防御上限	基础闪避下限	基础闪避上限	图标	类型描述
10100000	1	1	0	0	0	91	1	-1	-1	熟铜棍	1	铜制长棍，甚为沉重。	4	50	5	0	-1	-1	-1	-1	-1	-1	-1	-1	-1	-1	-1	-1	-1	-1	-1	-1	-1	-1	-1	-1	-1	-1	-1	-1	-1	-1	-1	-1	-1	-1	-1	-1	-1	-1	-1	-1	-1	-1	-1	-1	-1	-1	-1	-1	-1	-1	-1	-1	-1	-1	-1	-1	-1	-1	2	-1	2	-1	-1	-1	-1	-1	-1	-1	-1	-1	Broadsword2_13	武器
10100001	1	1	0	1	0	72	1	-1	-1	柳叶刀	10	刀身形似柳叶，薄钢单刃，轻灵飘逸，讲究以快致胜。	620	60	6	0	-1	-1	-1	-1	-1	-1	-1	-1	-1	-1	-1	-1	-1	-1	-1	-1	-1	-1	-1	-1	-1	-1	-1	-1	-1	-1	-1	-1	-1	-1	-1	-1	-1	-1	-1	-1	-1	-1	-1	-1	-1	-1	-1	-1	-1	-1	-1	-1	-1	-1	-1	-1	-1	-1	4	-1	4	-1	-1	-1	-1	-1	-1	-1	-1	-1	Broadsword1_13	武器
10100002	1	1	0	2	0	66	1	-1	-1	云头刀	20	刀身近柄持处小，刀刃弯曲向前至顶端，继续弯向刀背，刀头呈圆形，形似云头，故得此名。	725	60	6	0	-1	-1	-1	-1	-1	-1	-1	-1	-1	-1	-1	-1	-1	-1	-1	-1	-1	-1	-1	-1	-1	-1	-1	-1	-1	-1	-1	-1	-1	-1	-1	-1	-1	-1	-1	-1	-1	-1	-1	-1	-1	-1	-1	-1	-1	-1	-1	-1	-1	-1	-1	-1	-1	-1	9	-1	9	-1	-1	-1	-1	-1	-1	-1	-1	-1	Broadsword1_6	武器
10100003	1	1	0	3	0	79	1	-1	-1	鸣鸿刀	30	刀长七尺，传说此刀乃黄帝采首山之铜，铸造而成，后刀自手中化为鹊，赤色飞去云中。	880	70	7	0	-1	-1	-1	-1	-1	-1	-1	-1	-1	-1	-1	-1	-1	-1	-1	-1	-1	-1	-1	-1	-1	-1	-1	-1	-1	-1	-1	-1	-1	-1	-1	-1	-1	-1	-1	-1	-1	-1	-1	-1	-1	-1	-1	-1	-1	-1	-1	-1	-1	-1	-1	-1	-1	-1	18	-1	18	-1	-1	-1	-1	-1	-1	-1	-1	-1	Broadsword2_3	武器
10100004	1	1	0	4	0	118	1	-1	-1	青龙偃月刀	40	刀长九尺五寸，重八十二斤，刀身上镶有蟠龙吞月的图案，因而得名，使用者需力大如牛。	1080	70	7	0	-1	-1	-1	-1	-1	-1	-1	-1	-1	-1	-1	-1	-1	-1	-1	-1	-1	-1	-1	-1	-1	-1	-1	-1	-1	-1	-1	-1	-1	-1	-1	-1	-1	-1	-1	-1	-1	-1	-1	-1	-1	-1	-1	-1	-1	-1	-1	-1	-1	-1	-1	-1	-1	-1	28	-1	28	-1	-1	-1	-1	-1	-1	-1	-1	-1	Broadsword4_8	武器
10100005	1	1	0	5	0	89	1	-1	-1	护手狼牙刀	50	其刀背形如狼牙，且刀背直而不曲。刀柄处有一月牙弯刀护手。	1355	80	8	0	-1	-1	-1	-1	-1	-1	-1	-1	-1	-1	-1	-1	-1	-1	-1	-1	-1	-1	-1	-1	-1	-1	-1	-1	-1	-1	-1	-1	-1	-1	-1	-1	-1	-1	-1	-1	-1	-1	-1	-1	-1	-1	-1	-1	-1	-1	-1	-1	-1	-1	-1	-1	-1	-1	40	-1	40	-1	-1	-1	-1	-1	-1	-1	-1	-1	Broadsword2_13	武器
10100006	1	1	0	6	0	100	1	-1	-1	昭仪灵宝	60	据传魏时曹丕造百辟宝刀，其一文似灵龟，刀身含玉，名曰灵宝。	2195	80	8	0	-1	-1	-1	-1	-1	-1	-1	-1	-1	-1	-1	-1	-1	-1	-1	-1	-1	-1	-1	-1	-1	-1	-1	-1	-1	-1	-1	-1	-1	-1	-1	-1	-1	-1	-1	-1	-1	-1	-1	-1	-1	-1	-1	-1	-1	-1	-1	-1	-1	-1	-1	-1	-1	-1	57	-1	57	-1	-1	-1	-1	-1	-1	-1	-1	-1	Broadsword3_8	武器
10100007	1	1	0	7	0	82	1	-1	-1	八荒蝉翼	70	第一制兵器名家所制，将天地乾坤容纳在这长短三尺半之间。刀锋薄如蝉翼，吹毛断发。	3525	90	9	0	-1	-1	-1	-1	-1	-1	-1	-1	-1	-1	-1	-1	-1	-1	-1	-1	-1	-1	-1	-1	-1	-1	-1	-1	-1	-1	-1	-1	-1	-1	-1	-1	-1	-1	-1	-1	-1	-1	-1	-1	-1	-1	-1	-1	-1	-1	-1	-1	-1	-1	-1	-1	-1	-1	78	-1	78	-1	-1	-1	-1	-1	-1	-1	-1	-1	Broadsword2_6	武器
10100008	1	1	0	8	0	113	1	-1	-1	火精流光	80	以山中神铁炼成，其刀光如电，切金如泥。以朽磨之，则生烟焰；以金石击之，则火光流起。	5460	90	9	0	-1	-1	-1	-1	-1	-1	-1	-1	-1	-1	-1	-1	-1	-1	-1	-1	-1	-1	-1	-1	-1	-1	-1	-1	-1	-1	-1	-1	-1	-1	-1	-1	-1	-1	-1	-1	-1	-1	-1	-1	-1	-1	-1	-1	-1	-1	-1	-1	-1	-1	-1	-1	-1	-1	100	-1	100	-1	-1	-1	-1	-1	-1	-1	-1	-1	Broadsword4_3	武器
10100009	1	1	0	9	0	116	1	-1	-1	魔刀破风	90	刀身隐泛青光，削铁如泥，刀刃上有奇异的花y，目视则心生寒意，可破风而去，长驱直入 。	8130	100	10	0	-1	-1	-1	-1	-1	-1	-1	-1	-1	-1	-1	-1	-1	-1	-1	-1	-1	-1	-1	-1	-1	-1	-1	-1	-1	-1	-1	-1	-1	-1	-1	-1	-1	-1	-1	-1	-1	-1	-1	-1	-1	-1	-1	-1	-1	-1	-1	-1	-1	-1	-1	-1	-1	-1	120	-1	120	-1	-1	-1	-1	-1	-1	-1	-1	-1	Broadsword4_6	武器
10100010	1	1	0	10	0	119	1	-1	-1	泣月神刀	100	华山真人所铸，千年玄铁万年寒冰，集月之灵气，遇月则威力渐强，直至摧月而生。	11670	100	10	0	-1	-1	-1	-1	-1	-1	-1	-1	-1	-1	-1	-1	-1	-1	-1	-1	-1	-1	-1	-1	-1	-1	-1	-1	-1	-1	-1	-1	-1	-1	-1	-1	-1	-1	-1	-1	-1	-1	-1	-1	-1	-1	-1	-1	-1	-1	-1	-1	-1	-1	-1	-1	-1	-1	150	-1	150	-1	-1	-1	-1	-1	-1	-1	-1	-1	Broadsword4_11	武器
10100021	1	1	0	10	0	113	1	-1	-1	任务临时占用	101	100级标准，大刀类。	2304	100	10	0	-1	-1	-1	-1	-1	-1	-1	-1	-1	-1	-1	-1	-1	-1	-1	-1	-1	-1	-1	-1	-1	-1	-1	-1	-1	-1	-1	-1	-1	-1	-1	-1	-1	-1	-1	-1	-1	-1	-1	-1	-1	-1	-1	-1	-1	-1	-1	-1	-1	-1	-1	-1	-1	-1	68	-1	68	-1	-1	-1	-1	-1	-1	-1	-1	-1	Spear1_11	武器
10101000	1	1	1	0	0	11	1	-1	-1	红缨枪	1	新手武器，长枪类。	4	50	5	0	-1	-1	-1	-1	-1	-1	-1	-1	-1	-1	-1	-1	-1	-1	-1	-1	-1	-1	-1	-1	-1	-1	-1	-1	-1	-1	-1	-1	-1	-1	-1	-1	-1	-1	-1	-1	-1	-1	-1	-1	-1	-1	-1	-1	-1	-1	-1	-1	-1	-1	-1	-1	-1	-1	2	-1	2	-1	-1	-1	-1	-1	-1	-1	-1	-1	Spear1_11	武器
10101001	1	1	1	1	0	17	1	-1	-1	长刃矛	10	普通长矛，柄长，有刃，是一种直而尖形的刺杀兵器。	620	60	6	0	-1	-1	-1	-1	-1	-1	-1	-1	-1	-1	-1	-1	-1	-1	-1	-1	-1	-1	-1	-1	-1	-1	-1	-1	-1	-1	-1	-1	-1	-1	-1	-1	-1	-1	-1	-1	-1	-1	-1	-1	-1	-1	-1	-1	-1	-1	-1	-1	-1	-1	-1	-1	-1	-1	4	-1	4	-1	-1	-1	-1	-1	-1	-1	-1	-1	Spear1_11	武器
10101002	1	1	1	2	0	21	1	-1	-1	雁翎枪	20	枪头为炼铁所制，其式样与双钩镰枪相似。惟枪尖为扁平梭形状，形如雁翎。	725	60	6	0	-1	-1	-1	-1	-1	-1	-1	-1	-1	-1	-1	-1	-1	-1	-1	-1	-1	-1	-1	-1	-1	-1	-1	-1	-1	-1	-1	-1	-1	-1	-1	-1	-1	-1	-1	-1	-1	-1	-1	-1	-1	-1	-1	-1	-1	-1	-1	-1	-1	-1	-1	-1	-1	-1	9	-1	9	-1	-1	-1	-1	-1	-1	-1	-1	-1	Spear2_1	武器
10101003	1	1	1	3	0	26	1	-1	-1	丈八蛇矛	30	全用镔铁点钢打造，矛杆长一丈，矛尖长八寸，刃开双锋，作游蛇形状，故而名之。	880	70	7	0	-1	-1	-1	-1	-1	-1	-1	-1	-1	-1	-1	-1	-1	-1	-1	-1	-1	-1	-1	-1	-1	-1	-1	-1	-1	-1	-1	-1	-1	-1	-1	-1	-1	-1	-1	-1	-1	-1	-1	-1	-1	-1	-1	-1	-1	-1	-1	-1	-1	-1	-1	-1	-1	-1	18	-1	18	-1	-1	-1	-1	-1	-1	-1	-1	-1	Spear1_8	武器
10101004	1	1	1	4	0	3	1	-1	-1	方天画戟	40	乃战神吕布的神兵利器，戟杆一端装有金属枪尖，一侧有月牙形利刃通过两枚小枝与枪尖相连，可刺可砍。	1080	70	7	0	-1	-1	-1	-1	-1	-1	-1	-1	-1	-1	-1	-1	-1	-1	-1	-1	-1	-1	-1	-1	-1	-1	-1	-1	-1	-1	-1	-1	-1	-1	-1	-1	-1	-1	-1	-1	-1	-1	-1	-1	-1	-1	-1	-1	-1	-1	-1	-1	-1	-1	-1	-1	-1	-1	28	-1	28	-1	-1	-1	-1	-1	-1	-1	-1	-1	Spear1_3	武器
10101005	1	1	1	5	0	15	1	-1	-1	罗汉伏魔杵	50	相传为伏虎罗汉的兵器，内有四神兽之白虎的灵魂，斩草除根，降妖除魔。	1355	80	8	0	-1	-1	-1	-1	-1	-1	-1	-1	-1	-1	-1	-1	-1	-1	-1	-1	-1	-1	-1	-1	-1	-1	-1	-1	-1	-1	-1	-1	-1	-1	-1	-1	-1	-1	-1	-1	-1	-1	-1	-1	-1	-1	-1	-1	-1	-1	-1	-1	-1	-1	-1	-1	-1	-1	40	-1	40	-1	-1	-1	-1	-1	-1	-1	-1	-1	Spear3_8	武器
10101006	1	1	1	6	0	37	1	-1	-1	烈火战枪	60	通体血红色，枪头分三支，如燃烧的火焰，灵活轻便，所到之处，枪色与敌人的血色融为一体。	2195	80	8	0	-1	-1	-1	-1	-1	-1	-1	-1	-1	-1	-1	-1	-1	-1	-1	-1	-1	-1	-1	-1	-1	-1	-1	-1	-1	-1	-1	-1	-1	-1	-1	-1	-1	-1	-1	-1	-1	-1	-1	-1	-1	-1	-1	-1	-1	-1	-1	-1	-1	-1	-1	-1	-1	-1	57	-1	57	-1	-1	-1	-1	-1	-1	-1	-1	-1	Spear3_15	武器
10101007	1	1	1	7	0	53	1	-1	-1	夜叉神戟	70	八部王之一的夜叉王的兵器，长八尺，玄黑色，不知何物质所造，杀气腾腾。	3525	90	9	0	-1	-1	-1	-1	-1	-1	-1	-1	-1	-1	-1	-1	-1	-1	-1	-1	-1	-1	-1	-1	-1	-1	-1	-1	-1	-1	-1	-1	-1	-1	-1	-1	-1	-1	-1	-1	-1	-1	-1	-1	-1	-1	-1	-1	-1	-1	-1	-1	-1	-1	-1	-1	-1	-1	78	-1	78	-1	-1	-1	-1	-1	-1	-1	-1	-1	Spear4_5	武器
10101008	1	1	1	8	0	59	1	-1	-1	修罗妖枪	80	八部王之一的修罗王的兵器，传闻一直藏于修罗王体内，枪头呈菱形，带回钩，无坚不摧。	5460	90	9	0	-1	-1	-1	-1	-1	-1	-1	-1	-1	-1	-1	-1	-1	-1	-1	-1	-1	-1	-1	-1	-1	-1	-1	-1	-1	-1	-1	-1	-1	-1	-1	-1	-1	-1	-1	-1	-1	-1	-1	-1	-1	-1	-1	-1	-1	-1	-1	-1	-1	-1	-1	-1	-1	-1	100	-1	100	-1	-1	-1	-1	-1	-1	-1	-1	-1	Spear4_10	武器
10101009	1	1	1	9	0	56	1	-1	-1	冥星魔棒	90	天下第一铸造名家历八载所造，棒身刻有群星连环，深夜闪烁不已。	8130	100	10	0	-1	-1	-1	-1	-1	-1	-1	-1	-1	-1	-1	-1	-1	-1	-1	-1	-1	-1	-1	-1	-1	-1	-1	-1	-1	-1	-1	-1	-1	-1	-1	-1	-1	-1	-1	-1	-1	-1	-1	-1	-1	-1	-1	-1	-1	-1	-1	-1	-1	-1	-1	-1	-1	-1	120	-1	120	-1	-1	-1	-1	-1	-1	-1	-1	-1	Spear4_8	武器
10101010	1	1	1	10	0	57	1	-1	-1	乾坤神杵	100	上古时候传下的兵器，温润如玉，却坚硬无比，据说杵中藏有乾坤神功，但一直不为世人所参透。	11670	100	10	0	-1	-1	-1	-1	-1	-1	-1	-1	-1	-1	-1	-1	-1	-1	-1	-1	-1	-1	-1	-1	-1	-1	-1	-1	-1	-1	-1	-1	-1	-1	-1	-1	-1	-1	-1	-1	-1	-1	-1	-1	-1	-1	-1	-1	-1	-1	-1	-1	-1	-1	-1	-1	-1	-1	150	-1	150	-1	-1	-1	-1	-1	-1	-1	-1	-1	Spear4_9	武器
10102000	1	1	2	0	0	123	1	-1	-1	青铜剑	1	新手武器，单短类。	4	50	5	0	-1	-1	-1	-1	-1	-1	-1	-1	-1	-1	-1	-1	-1	-1	-1	-1	-1	-1	-1	-1	-1	-1	-1	-1	-1	-1	-1	-1	-1	-1	-1	-1	-1	-1	-1	-1	-1	-1	-1	-1	-1	-1	-1	-1	-1	-1	-1	-1	-1	-1	-1	-1	-1	-1	2	-1	2	-1	-1	-1	-1	-1	-1	-1	-1	-1	Sword3_2	武器
10102001	1	1	2	1	0	151	1	-1	-1	短剑	10	普通铜铁所铸，行走江湖防身所用。	620	60	6	0	-1	-1	-1	-1	-1	-1	-1	-1	-1	-1	-1	-1	-1	-1	-1	-1	-1	-1	-1	-1	-1	-1	-1	-1	-1	-1	-1	-1	-1	-1	-1	-1	-1	-1	-1	-1	-1	-1	-1	-1	-1	-1	-1	-1	-1	-1	-1	-1	-1	-1	-1	-1	-1	-1	4	-1	4	-1	-1	-1	-1	-1	-1	-1	-1	-1	Sword2_15	武器
10102002	1	1	2	2	0	138	1	-1	-1	青锋剑	20	此剑精钢淬就，锋刃锐利，剑身细长并泛冷冷青光。	725	60	6	0	-1	-1	-1	-1	-1	-1	-1	-1	-1	-1	-1	-1	-1	-1	-1	-1	-1	-1	-1	-1	-1	-1	-1	-1	-1	-1	-1	-1	-1	-1	-1	-1	-1	-1	-1	-1	-1	-1	-1	-1	-1	-1	-1	-1	-1	-1	-1	-1	-1	-1	-1	-1	-1	-1	9	-1	9	-1	-1	-1	-1	-1	-1	-1	-1	-1	Sword2_2	武器
10102003	1	1	2	3	0	141	1	-1	-1	冰弦剑	30	剑身细窄，锋刃薄利，挥舞时劈风有声，音若冰瑟，故此得名。	880	70	7	0	-1	-1	-1	-1	-1	-1	-1	-1	-1	-1	-1	-1	-1	-1	-1	-1	-1	-1	-1	-1	-1	-1	-1	-1	-1	-1	-1	-1	-1	-1	-1	-1	-1	-1	-1	-1	-1	-1	-1	-1	-1	-1	-1	-1	-1	-1	-1	-1	-1	-1	-1	-1	-1	-1	18	-1	18	-1	-1	-1	-1	-1	-1	-1	-1	-1	Sword2_5	武器
10102004	1	1	2	4	0	130	1	-1	-1	玄铁剑	40	玄铁所铸，剑身长约一丈，极为沉重，剑头钝圆，全剑无任何雕饰，其霸气深藏不露。	1080	70	7	0	-1	-1	-1	-1	-1	-1	-1	-1	-1	-1	-1	-1	-1	-1	-1	-1	-1	-1	-1	-1	-1	-1	-1	-1	-1	-1	-1	-1	-1	-1	-1	-1	-1	-1	-1	-1	-1	-1	-1	-1	-1	-1	-1	-1	-1	-1	-1	-1	-1	-1	-1	-1	-1	-1	28	-1	28	-1	-1	-1	-1	-1	-1	-1	-1	-1	Sword1_10	武器
10102005	1	1	2	5	0	174	1	-1	-1	赤霄剑	50	饰有七彩珠、九华玉的寒光逼人、刃如霜雪的宝剑，剑身镌刻两个篆字：赤霄。	1355	80	8	0	-1	-1	-1	-1	-1	-1	-1	-1	-1	-1	-1	-1	-1	-1	-1	-1	-1	-1	-1	-1	-1	-1	-1	-1	-1	-1	-1	-1	-1	-1	-1	-1	-1	-1	-1	-1	-1	-1	-1	-1	-1	-1	-1	-1	-1	-1	-1	-1	-1	-1	-1	-1	-1	-1	40	-1	40	-1	-1	-1	-1	-1	-1	-1	-1	-1	Sword4_8	武器
10102006	1	1	2	6	0	180	1	-1	-1	金翎剑	60	剑身如雁翎，后端较粗，前端较细，剑身中央镶有一玄铁翎，[生寒光。	2195	80	8	0	-1	-1	-1	-1	-1	-1	-1	-1	-1	-1	-1	-1	-1	-1	-1	-1	-1	-1	-1	-1	-1	-1	-1	-1	-1	-1	-1	-1	-1	-1	-1	-1	-1	-1	-1	-1	-1	-1	-1	-1	-1	-1	-1	-1	-1	-1	-1	-1	-1	-1	-1	-1	-1	-1	57	-1	57	-1	-1	-1	-1	-1	-1	-1	-1	-1	Sword4_12	武器
10102007	1	1	2	7	0	161	1	-1	-1	斩蛟宝刀	70	相传此刀为晋朝虎牙周处杀死水中蛟龙后，龙身化铁，经名匠精作而成。	3525	90	9	0	-1	-1	-1	-1	-1	-1	-1	-1	-1	-1	-1	-1	-1	-1	-1	-1	-1	-1	-1	-1	-1	-1	-1	-1	-1	-1	-1	-1	-1	-1	-1	-1	-1	-1	-1	-1	-1	-1	-1	-1	-1	-1	-1	-1	-1	-1	-1	-1	-1	-1	-1	-1	-1	-1	78	-1	78	-1	-1	-1	-1	-1	-1	-1	-1	-1	Sword3_9	武器
10102008	1	1	2	8	0	175	1	-1	-1	惊鸿	80	剑长三尺六寸，阳光下观此剑，剑锋如一泓清水，手抖则剑身若莲花盛开，静止则仿佛有天龙神游其中。	5460	90	9	0	-1	-1	-1	-1	-1	-1	-1	-1	-1	-1	-1	-1	-1	-1	-1	-1	-1	-1	-1	-1	-1	-1	-1	-1	-1	-1	-1	-1	-1	-1	-1	-1	-1	-1	-1	-1	-1	-1	-1	-1	-1	-1	-1	-1	-1	-1	-1	-1	-1	-1	-1	-1	-1	-1	100	-1	100	-1	-1	-1	-1	-1	-1	-1	-1	-1	Sword4_9	武器
10102009	1	1	2	9	0	166	1	-1	-1	龙渊	90	此剑乃诚信高洁之剑。俯视剑身，如同登高山而下望深渊，飘渺深邃仿佛有巨龙盘卧。是名“龙渊”。	8130	100	10	0	-1	-1	-1	-1	-1	-1	-1	-1	-1	-1	-1	-1	-1	-1	-1	-1	-1	-1	-1	-1	-1	-1	-1	-1	-1	-1	-1	-1	-1	-1	-1	-1	-1	-1	-1	-1	-1	-1	-1	-1	-1	-1	-1	-1	-1	-1	-1	-1	-1	-1	-1	-1	-1	-1	120	-1	120	-1	-1	-1	-1	-1	-1	-1	-1	-1	Sword3_14	武器
10102010	1	1	2	10	0	178	1	-1	-1	腾空无双	100	锋利绝伦，堪称无双。若四方有兵，此剑飞赴即至，指其方则克，未用时则卧于匣中，作龙虎啸吟。	11670	100	10	0	-1	-1	-1	-1	-1	-1	-1	-1	-1	-1	-1	-1	-1	-1	-1	-1	-1	-1	-1	-1	-1	-1	-1	-1	-1	-1	-1	-1	-1	-1	-1	-1	-1	-1	-1	-1	-1	-1	-1	-1	-1	-1	-1	-1	-1	-1	-1	-1	-1	-1	-1	-1	-1	-1	150	-1	150	-1	-1	-1	-1	-1	-1	-1	-1	-1	Sword4_10	武器
10103000	1	1	3	0	0	303	1	-1	-1	雌雄剑	1	新手武器，双短类。	4	50	5	0	-1	-1	-1	-1	-1	-1	-1	-1	-1	-1	-1	-1	-1	-1	-1	-1	-1	-1	-1	-1	-1	-1	-1	-1	-1	-1	-1	-1	-1	-1	-1	-1	-1	-1	-1	-1	-1	-1	-1	-1	-1	-1	-1	-1	-1	-1	-1	-1	-1	-1	-1	-1	-1	-1	2	-1	2	-1	-1	-1	-1	-1	-1	-1	-1	-1	BothHands1_9	武器
10103001	1	1	3	1	0	321	1	-1	-1	鸳鸯剑	10	同色双剑，精铁打造所成，伴身左右	620	60	6	0	-1	-1	-1	-1	-1	-1	-1	-1	-1	-1	-1	-1	-1	-1	-1	-1	-1	-1	-1	-1	-1	-1	-1	-1	-1	-1	-1	-1	-1	-1	-1	-1	-1	-1	-1	-1	-1	-1	-1	-1	-1	-1	-1	-1	-1	-1	-1	-1	-1	-1	-1	-1	-1	-1	4	-1	4	-1	-1	-1	-1	-1	-1	-1	-1	-1	BothHands2_8	武器
10103002	1	1	3	2	0	316	1	-1	-1	凤鸣剑	20	出鞘之声犹如凤鸣，故得此名。	725	60	6	0	-1	-1	-1	-1	-1	-1	-1	-1	-1	-1	-1	-1	-1	-1	-1	-1	-1	-1	-1	-1	-1	-1	-1	-1	-1	-1	-1	-1	-1	-1	-1	-1	-1	-1	-1	-1	-1	-1	-1	-1	-1	-1	-1	-1	-1	-1	-1	-1	-1	-1	-1	-1	-1	-1	9	-1	9	-1	-1	-1	-1	-1	-1	-1	-1	-1	BothHands2_3	武器
10103003	1	1	3	3	0	306	1	-1	-1	翡翠双剑	30	黄为翡，绿为翠，两把长剑剑刃寒光，一把泛黄，一把泛绿，恰似翡翠。	880	70	7	0	-1	-1	-1	-1	-1	-1	-1	-1	-1	-1	-1	-1	-1	-1	-1	-1	-1	-1	-1	-1	-1	-1	-1	-1	-1	-1	-1	-1	-1	-1	-1	-1	-1	-1	-1	-1	-1	-1	-1	-1	-1	-1	-1	-1	-1	-1	-1	-1	-1	-1	-1	-1	-1	-1	18	-1	18	-1	-1	-1	-1	-1	-1	-1	-1	-1	BothHands1_6	武器
10103004	1	1	3	4	0	334	1	-1	-1	子母剑	40	两把相连的剑，时而分开时而一体，攻击范围可大可小，相得益彰。	1080	70	7	0	-1	-1	-1	-1	-1	-1	-1	-1	-1	-1	-1	-1	-1	-1	-1	-1	-1	-1	-1	-1	-1	-1	-1	-1	-1	-1	-1	-1	-1	-1	-1	-1	-1	-1	-1	-1	-1	-1	-1	-1	-1	-1	-1	-1	-1	-1	-1	-1	-1	-1	-1	-1	-1	-1	28	-1	28	-1	-1	-1	-1	-1	-1	-1	-1	-1	BothHands3_2	武器
10103005	1	1	3	5	0	336	1	-1	-1	龙凤剑	50	雌雄双剑，剑身雕有古朴的龙凤花纹，同色流苏。两剑互有感应，龙剑出，凤剑随。	1355	80	8	0	-1	-1	-1	-1	-1	-1	-1	-1	-1	-1	-1	-1	-1	-1	-1	-1	-1	-1	-1	-1	-1	-1	-1	-1	-1	-1	-1	-1	-1	-1	-1	-1	-1	-1	-1	-1	-1	-1	-1	-1	-1	-1	-1	-1	-1	-1	-1	-1	-1	-1	-1	-1	-1	-1	40	-1	40	-1	-1	-1	-1	-1	-1	-1	-1	-1	BothHands3_4	武器
10103006	1	1	3	6	0	352	1	-1	-1	宣花双斧	60	双面开刃，颈长八寸，尾厚刃薄，柄长三尺，有大范围攻击特性，双斧可扫千军。	2195	80	8	0	-1	-1	-1	-1	-1	-1	-1	-1	-1	-1	-1	-1	-1	-1	-1	-1	-1	-1	-1	-1	-1	-1	-1	-1	-1	-1	-1	-1	-1	-1	-1	-1	-1	-1	-1	-1	-1	-1	-1	-1	-1	-1	-1	-1	-1	-1	-1	-1	-1	-1	-1	-1	-1	-1	57	-1	57	-1	-1	-1	-1	-1	-1	-1	-1	-1	BothHands4_4	武器
10103007	1	1	3	7	0	350	1	-1	-1	蝶恋花	70	相传为女剑师费蜓伤心欲绝之时所铸，双剑舞动会有双蝶绕剑翩跹起舞。	3525	90	9	0	-1	-1	-1	-1	-1	-1	-1	-1	-1	-1	-1	-1	-1	-1	-1	-1	-1	-1	-1	-1	-1	-1	-1	-1	-1	-1	-1	-1	-1	-1	-1	-1	-1	-1	-1	-1	-1	-1	-1	-1	-1	-1	-1	-1	-1	-1	-1	-1	-1	-1	-1	-1	-1	-1	78	-1	78	-1	-1	-1	-1	-1	-1	-1	-1	-1	BothHands4_2	武器
10103008	1	1	3	8	0	356	1	-1	-1	长河孤烟	80	长河落日，大漠孤烟，天圆地直，剑合无双。刀中藏著武林的大秘密， 得之者无敌於天下。	5460	90	9	0	-1	-1	-1	-1	-1	-1	-1	-1	-1	-1	-1	-1	-1	-1	-1	-1	-1	-1	-1	-1	-1	-1	-1	-1	-1	-1	-1	-1	-1	-1	-1	-1	-1	-1	-1	-1	-1	-1	-1	-1	-1	-1	-1	-1	-1	-1	-1	-1	-1	-1	-1	-1	-1	-1	100	-1	100	-1	-1	-1	-1	-1	-1	-1	-1	-1	BothHands4_6	武器
10103009	1	1	3	9	0	359	1	-1	-1	明月飞雪	90	盘古开辟鸿蒙，天地间绿气隐隐，万物精华所炼化之成的一双利剑。	8130	100	10	0	-1	-1	-1	-1	-1	-1	-1	-1	-1	-1	-1	-1	-1	-1	-1	-1	-1	-1	-1	-1	-1	-1	-1	-1	-1	-1	-1	-1	-1	-1	-1	-1	-1	-1	-1	-1	-1	-1	-1	-1	-1	-1	-1	-1	-1	-1	-1	-1	-1	-1	-1	-1	-1	-1	120	-1	120	-1	-1	-1	-1	-1	-1	-1	-1	-1	BothHands4_11	武器
10103010	1	1	3	10	0	355	1	-1	-1	红颜英雄	100	相传铸剑之时雷公打铁，雨娘淋水，历经十载方成，剑刃如水晶般剔透，两剑一放下便合为一处。	11670	100	10	0	-1	-1	-1	-1	-1	-1	-1	-1	-1	-1	-1	-1	-1	-1	-1	-1	-1	-1	-1	-1	-1	-1	-1	-1	-1	-1	-1	-1	-1	-1	-1	-1	-1	-1	-1	-1	-1	-1	-1	-1	-1	-1	-1	-1	-1	-1	-1	-1	-1	-1	-1	-1	-1	-1	150	-1	150	-1	-1	-1	-1	-1	-1	-1	-1	-1	BothHands4_9	武器
10104000	1	1	4	0	0	243	1	-1	-1	鹅毛扇	1	新手武器，扇类。	4	50	5	0	-1	-1	-1	-1	-1	-1	-1	-1	-1	-1	-1	-1	-1	-1	-1	-1	-1	-1	-1	-1	-1	-1	-1	-1	-1	-1	-1	-1	-1	-1	-1	-1	-1	-1	-1	-1	-1	-1	-1	-1	-1	-1	-1	-1	-1	-1	-1	-1	-1	-1	-1	-1	-1	-1	2	-1	2	-1	-1	-1	-1	-1	-1	-1	-1	-1	Fan1_2	武器
10104001	1	1	4	1	0	248	1	-1	-1	檀香扇	10	扇骨采用檀香木制成，小巧玲珑，华美精致，气味芬芳。	620	60	6	0	-1	-1	-1	-1	-1	-1	-1	-1	-1	-1	-1	-1	-1	-1	-1	-1	-1	-1	-1	-1	-1	-1	-1	-1	-1	-1	-1	-1	-1	-1	-1	-1	-1	-1	-1	-1	-1	-1	-1	-1	-1	-1	-1	-1	-1	-1	-1	-1	-1	-1	-1	-1	-1	-1	4	-1	4	-1	-1	-1	-1	-1	-1	-1	-1	-1	Fan1_8	武器
10104002	1	1	4	2	0	242	1	-1	-1	绢宫扇	20	以竹、木、牙、角、铁丝、丝绸为主要原材料精制而成的宫扇。	725	60	6	0	-1	-1	-1	-1	-1	-1	-1	-1	-1	-1	-1	-1	-1	-1	-1	-1	-1	-1	-1	-1	-1	-1	-1	-1	-1	-1	-1	-1	-1	-1	-1	-1	-1	-1	-1	-1	-1	-1	-1	-1	-1	-1	-1	-1	-1	-1	-1	-1	-1	-1	-1	-1	-1	-1	9	-1	9	-1	-1	-1	-1	-1	-1	-1	-1	-1	Fan1_2	武器
10104003	1	1	4	3	0	261	1	-1	-1	象牙扇	30	象牙所制，质地细密坚韧，庄重典雅，古色古香。	880	70	7	0	-1	-1	-1	-1	-1	-1	-1	-1	-1	-1	-1	-1	-1	-1	-1	-1	-1	-1	-1	-1	-1	-1	-1	-1	-1	-1	-1	-1	-1	-1	-1	-1	-1	-1	-1	-1	-1	-1	-1	-1	-1	-1	-1	-1	-1	-1	-1	-1	-1	-1	-1	-1	-1	-1	18	-1	18	-1	-1	-1	-1	-1	-1	-1	-1	-1	Fan2_5	武器
10104004	1	1	4	4	0	266	1	-1	-1	白玉扇	40	白玉为骨，金丝为面，华丽贵重，乃当年西夏进贡之物。	1080	70	7	0	-1	-1	-1	-1	-1	-1	-1	-1	-1	-1	-1	-1	-1	-1	-1	-1	-1	-1	-1	-1	-1	-1	-1	-1	-1	-1	-1	-1	-1	-1	-1	-1	-1	-1	-1	-1	-1	-1	-1	-1	-1	-1	-1	-1	-1	-1	-1	-1	-1	-1	-1	-1	-1	-1	28	-1	28	-1	-1	-1	-1	-1	-1	-1	-1	-1	Fan2_10	武器
10104005	1	1	4	5	0	271	1	-1	-1	火云扇	50	扇形奇异，通体红色，像燃烧的红云一般。	1355	80	8	0	-1	-1	-1	-1	-1	-1	-1	-1	-1	-1	-1	-1	-1	-1	-1	-1	-1	-1	-1	-1	-1	-1	-1	-1	-1	-1	-1	-1	-1	-1	-1	-1	-1	-1	-1	-1	-1	-1	-1	-1	-1	-1	-1	-1	-1	-1	-1	-1	-1	-1	-1	-1	-1	-1	40	-1	40	-1	-1	-1	-1	-1	-1	-1	-1	-1	Fan2_15	武器
10104006	1	1	4	6	0	274	1	-1	-1	伏魔扇	60	不知为何物质打造，扇体中央有一玉石，传为伏魔罗汉眼睛所化，目之所及，妖魔无遁。	2195	80	8	0	-1	-1	-1	-1	-1	-1	-1	-1	-1	-1	-1	-1	-1	-1	-1	-1	-1	-1	-1	-1	-1	-1	-1	-1	-1	-1	-1	-1	-1	-1	-1	-1	-1	-1	-1	-1	-1	-1	-1	-1	-1	-1	-1	-1	-1	-1	-1	-1	-1	-1	-1	-1	-1	-1	57	-1	57	-1	-1	-1	-1	-1	-1	-1	-1	-1	Fan3_2	武器
10104007	1	1	4	7	0	283	1	-1	-1	无形扇	70	大可铺天盖地，小可细如蚁足，利可切金断玉，固可防刀避剑。	3525	90	9	0	-1	-1	-1	-1	-1	-1	-1	-1	-1	-1	-1	-1	-1	-1	-1	-1	-1	-1	-1	-1	-1	-1	-1	-1	-1	-1	-1	-1	-1	-1	-1	-1	-1	-1	-1	-1	-1	-1	-1	-1	-1	-1	-1	-1	-1	-1	-1	-1	-1	-1	-1	-1	-1	-1	78	-1	78	-1	-1	-1	-1	-1	-1	-1	-1	-1	Fan3_11	武器
10104008	1	1	4	8	0	286	1	-1	-1	化仙扇	80	仙鸟羽毛点缀，华丽灿烂，如腾空而去的仙子，翩然起舞。	5460	90	9	0	-1	-1	-1	-1	-1	-1	-1	-1	-1	-1	-1	-1	-1	-1	-1	-1	-1	-1	-1	-1	-1	-1	-1	-1	-1	-1	-1	-1	-1	-1	-1	-1	-1	-1	-1	-1	-1	-1	-1	-1	-1	-1	-1	-1	-1	-1	-1	-1	-1	-1	-1	-1	-1	-1	100	-1	100	-1	-1	-1	-1	-1	-1	-1	-1	-1	Fan3_14	武器
10104009	1	1	4	9	0	291	1	-1	-1	承影	90	扇骨长于扇面，顶端尖锋锐利，带有回钩，犹如五行旗子，传为承影传人所造。	8130	100	10	0	-1	-1	-1	-1	-1	-1	-1	-1	-1	-1	-1	-1	-1	-1	-1	-1	-1	-1	-1	-1	-1	-1	-1	-1	-1	-1	-1	-1	-1	-1	-1	-1	-1	-1	-1	-1	-1	-1	-1	-1	-1	-1	-1	-1	-1	-1	-1	-1	-1	-1	-1	-1	-1	-1	120	-1	120	-1	-1	-1	-1	-1	-1	-1	-1	-1	Fan4_3	武器
10104010	1	1	4	10	0	300	1	-1	-1	缥缈	100	皓月冷千山，缥缈雪风寒。九天仙女舞蹈所用，力量深不可测。	11670	100	10	0	-1	-1	-1	-1	-1	-1	-1	-1	-1	-1	-1	-1	-1	-1	-1	-1	-1	-1	-1	-1	-1	-1	-1	-1	-1	-1	-1	-1	-1	-1	-1	-1	-1	-1	-1	-1	-1	-1	-1	-1	-1	-1	-1	-1	-1	-1	-1	-1	-1	-1	-1	-1	-1	-1	150	-1	150	-1	-1	-1	-1	-1	-1	-1	-1	-1	Fan4_12	武器
10105000	1	1	5	0	0	183	1	-1	-1	白虹钺	1	新手武器，环类。	4	50	5	0	-1	-1	-1	-1	-1	-1	-1	-1	-1	-1	-1	-1	-1	-1	-1	-1	-1	-1	-1	-1	-1	-1	-1	-1	-1	-1	-1	-1	-1	-1	-1	-1	-1	-1	-1	-1	-1	-1	-1	-1	-1	-1	-1	-1	-1	-1	-1	-1	-1	-1	-1	-1	-1	-1	2	-1	2	-1	-1	-1	-1	-1	-1	-1	-1	-1	Annulus1_1	武器
10105001	1	1	5	1	0	184	1	-1	-1	竹枝环	10	竹枝编成的环状武器，适合初入江湖者使用。	620	60	6	0	-1	-1	-1	-1	-1	-1	-1	-1	-1	-1	-1	-1	-1	-1	-1	-1	-1	-1	-1	-1	-1	-1	-1	-1	-1	-1	-1	-1	-1	-1	-1	-1	-1	-1	-1	-1	-1	-1	-1	-1	-1	-1	-1	-1	-1	-1	-1	-1	-1	-1	-1	-1	-1	-1	4	-1	4	-1	-1	-1	-1	-1	-1	-1	-1	-1	Annulus1_4	武器
10105002	1	1	5	2	0	195	1	-1	-1	紫玉环	20	黄翡绿翠紫为贵，紫色玉石所造，典雅华贵。	725	60	6	0	-1	-1	-1	-1	-1	-1	-1	-1	-1	-1	-1	-1	-1	-1	-1	-1	-1	-1	-1	-1	-1	-1	-1	-1	-1	-1	-1	-1	-1	-1	-1	-1	-1	-1	-1	-1	-1	-1	-1	-1	-1	-1	-1	-1	-1	-1	-1	-1	-1	-1	-1	-1	-1	-1	9	-1	9	-1	-1	-1	-1	-1	-1	-1	-1	-1	Annulus1_15	武器
10105003	1	1	5	3	0	213	1	-1	-1	冷霜环	30	南海海底所出，传为南海龙女所用，精致无比，寒意隐生。	880	70	7	0	-1	-1	-1	-1	-1	-1	-1	-1	-1	-1	-1	-1	-1	-1	-1	-1	-1	-1	-1	-1	-1	-1	-1	-1	-1	-1	-1	-1	-1	-1	-1	-1	-1	-1	-1	-1	-1	-1	-1	-1	-1	-1	-1	-1	-1	-1	-1	-1	-1	-1	-1	-1	-1	-1	18	-1	18	-1	-1	-1	-1	-1	-1	-1	-1	-1	Annulus3_1	武器
10105004	1	1	5	4	0	208	1	-1	-1	拂香环	40	波斯进贡之物，晶莹剔透却坚如磐石，有暗香浮动。	1080	70	7	0	-1	-1	-1	-1	-1	-1	-1	-1	-1	-1	-1	-1	-1	-1	-1	-1	-1	-1	-1	-1	-1	-1	-1	-1	-1	-1	-1	-1	-1	-1	-1	-1	-1	-1	-1	-1	-1	-1	-1	-1	-1	-1	-1	-1	-1	-1	-1	-1	-1	-1	-1	-1	-1	-1	28	-1	28	-1	-1	-1	-1	-1	-1	-1	-1	-1	Annulus2_12	武器
10105005	1	1	5	5	0	202	1	-1	-1	明月环	50	环大如月，光芒四射，舞动起来，犹如海上升明月。	1355	80	8	0	-1	-1	-1	-1	-1	-1	-1	-1	-1	-1	-1	-1	-1	-1	-1	-1	-1	-1	-1	-1	-1	-1	-1	-1	-1	-1	-1	-1	-1	-1	-1	-1	-1	-1	-1	-1	-1	-1	-1	-1	-1	-1	-1	-1	-1	-1	-1	-1	-1	-1	-1	-1	-1	-1	40	-1	40	-1	-1	-1	-1	-1	-1	-1	-1	-1	Annulus2_5	武器
10105006	1	1	5	6	0	225	1	-1	-1	多情环	60	多情环是这样一种武器，它会像情人的手一样紧紧地索住敌人，一旦缠上就不放手。	2195	80	8	0	-1	-1	-1	-1	-1	-1	-1	-1	-1	-1	-1	-1	-1	-1	-1	-1	-1	-1	-1	-1	-1	-1	-1	-1	-1	-1	-1	-1	-1	-1	-1	-1	-1	-1	-1	-1	-1	-1	-1	-1	-1	-1	-1	-1	-1	-1	-1	-1	-1	-1	-1	-1	-1	-1	57	-1	57	-1	-1	-1	-1	-1	-1	-1	-1	-1	Annulus3_13	武器
10105007	1	1	5	7	0	226	1	-1	-1	逍遥圈	70	逍遥道人所铸，没有固定身法招式，心到之处圈也到，击败敌人于笑谈之间。	3525	90	9	0	-1	-1	-1	-1	-1	-1	-1	-1	-1	-1	-1	-1	-1	-1	-1	-1	-1	-1	-1	-1	-1	-1	-1	-1	-1	-1	-1	-1	-1	-1	-1	-1	-1	-1	-1	-1	-1	-1	-1	-1	-1	-1	-1	-1	-1	-1	-1	-1	-1	-1	-1	-1	-1	-1	78	-1	78	-1	-1	-1	-1	-1	-1	-1	-1	-1	Annulus3_14	武器
10105008	1	1	5	8	0	235	1	-1	-1	幽冥圈	80	幽冥渡口的千年石所造，久经戾气熏染，吸收世间怨气，威力惊人。	5460	90	9	0	-1	-1	-1	-1	-1	-1	-1	-1	-1	-1	-1	-1	-1	-1	-1	-1	-1	-1	-1	-1	-1	-1	-1	-1	-1	-1	-1	-1	-1	-1	-1	-1	-1	-1	-1	-1	-1	-1	-1	-1	-1	-1	-1	-1	-1	-1	-1	-1	-1	-1	-1	-1	-1	-1	100	-1	100	-1	-1	-1	-1	-1	-1	-1	-1	-1	Annulus4_7	武器
10105009	1	1	5	9	0	233	1	-1	-1	清骨轮	90	通身清透，光华潋滟，传说有让人洗髓清骨，脱胎换骨之功效。	8130	100	10	0	-1	-1	-1	-1	-1	-1	-1	-1	-1	-1	-1	-1	-1	-1	-1	-1	-1	-1	-1	-1	-1	-1	-1	-1	-1	-1	-1	-1	-1	-1	-1	-1	-1	-1	-1	-1	-1	-1	-1	-1	-1	-1	-1	-1	-1	-1	-1	-1	-1	-1	-1	-1	-1	-1	120	-1	120	-1	-1	-1	-1	-1	-1	-1	-1	-1	Annulus4_5	武器
10105010	1	1	5	10	0	238	1	-1	-1	七界宝环	100	传说中的上古神兵，蕴涵着强大的力量，可穿越七生七界轮回之道。	11670	100	10	0	-1	-1	-1	-1	-1	-1	-1	-1	-1	-1	-1	-1	-1	-1	-1	-1	-1	-1	-1	-1	-1	-1	-1	-1	-1	-1	-1	-1	-1	-1	-1	-1	-1	-1	-1	-1	-1	-1	-1	-1	-1	-1	-1	-1	-1	-1	-1	-1	-1	-1	-1	-1	-1	-1	150	-1	150	-1	-1	-1	-1	-1	-1	-1	-1	-1	Annulus4_10	武器
10110000	1	1	10	0	1	91	1	0	4	新手帽	1	1级标准。	4	60	6	0	-1	-1	-1	-1	-1	-1	-1	-1	-1	-1	-1	-1	-1	-1	-1	-1	-1	-1	-1	-1	-1	-1	-1	-1	-1	-1	-1	-1	-1	-1	-1	-1	-1	-1	-1	-1	-1	-1	-1	-1	-1	-1	-1	-1	-1	-1	-1	-1	-1	-1	-1	-1	-1	-1	-1	-1	-1	-1	-1	-1	1	-1	1	-1	-1	-1	Hat1_1	帽子
10110001	1	1	10	1	1	91	1	1	4	粗布帽	2	粗布做的帽子，适合初入江湖者使用。	496	60	6	0	-1	-1	-1	-1	-1	-1	-1	-1	-1	-1	-1	-1	-1	-1	-1	-1	-1	-1	-1	-1	-1	-1	-1	-1	-1	-1	-1	-1	-1	-1	-1	-1	-1	-1	-1	-1	-1	-1	-1	-1	-1	-1	-1	-1	-1	-1	-1	-1	-1	-1	-1	-1	-1	-1	-1	-1	-1	-1	-1	-1	2	-1	2	-1	-1	-1	Hat1_9	帽子
10110002	1	1	10	2	1	92	1	2	4	麻布帽	2	麻布做的帽子，适合初入江湖者使用。	496	60	6	0	-1	-1	-1	-1	-1	-1	-1	-1	-1	-1	-1	-1	-1	-1	-1	-1	-1	-1	-1	-1	-1	-1	-1	-1	-1	-1	-1	-1	-1	-1	-1	-1	-1	-1	-1	-1	-1	-1	-1	-1	-1	-1	-1	-1	-1	-1	-1	-1	-1	-1	-1	-1	-1	-1	-1	-1	-1	-1	-1	-1	2	-1	2	-1	-1	-1	Hat1_9	帽子
10110003	1	1	10	3	1	93	1	3	4	棉布帽	2	棉布做的帽子，适合初入江湖者使用。	496	60	6	0	-1	-1	-1	-1	-1	-1	-1	-1	-1	-1	-1	-1	-1	-1	-1	-1	-1	-1	-1	-1	-1	-1	-1	-1	-1	-1	-1	-1	-1	-1	-1	-1	-1	-1	-1	-1	-1	-1	-1	-1	-1	-1	-1	-1	-1	-1	-1	-1	-1	-1	-1	-1	-1	-1	-1	-1	-1	-1	-1	-1	2	-1	2	-1	-1	-1	Hat1_9	帽子
10110004	1	1	10	4	1	94	1	4	4	纱绒帽	12	纱绒做的帽子，精致无比，华美舒适。	580	60	6	0	-1	-1	-1	-1	-1	-1	-1	-1	-1	-1	-1	-1	-1	-1	-1	-1	-1	-1	-1	-1	-1	-1	-1	-1	-1	-1	-1	-1	-1	-1	-1	-1	-1	-1	-1	-1	-1	-1	-1	-1	-1	-1	-1	-1	-1	-1	-1	-1	-1	-1	-1	-1	-1	-1	-1	-1	-1	-1	-1	-1	4	-1	4	-1	-1	-1	Hat2_10	帽子
10110005	1	1	10	5	1	95	1	5	4	绢丝帽	12	绢丝做的帽子，精致无比，华美舒适。	580	60	6	0	-1	-1	-1	-1	-1	-1	-1	-1	-1	-1	-1	-1	-1	-1	-1	-1	-1	-1	-1	-1	-1	-1	-1	-1	-1	-1	-1	-1	-1	-1	-1	-1	-1	-1	-1	-1	-1	-1	-1	-1	-1	-1	-1	-1	-1	-1	-1	-1	-1	-1	-1	-1	-1	-1	-1	-1	-1	-1	-1	-1	4	-1	4	-1	-1	-1	Hat2_10	帽子
10110006	1	1	10	6	1	96	1	6	4	锦帛帽	22	锦帛做的帽子，美轮美奂，典雅华贵。	704	70	7	0	-1	-1	-1	-1	-1	-1	-1	-1	-1	-1	-1	-1	-1	-1	-1	-1	-1	-1	-1	-1	-1	-1	-1	-1	-1	-1	-1	-1	-1	-1	-1	-1	-1	-1	-1	-1	-1	-1	-1	-1	-1	-1	-1	-1	-1	-1	-1	-1	-1	-1	-1	-1	-1	-1	-1	-1	-1	-1	-1	-1	7	-1	7	-1	-1	-1	Hat1_4	帽子
10110007	1	1	10	7	1	97	1	7	4	丝绸帽	22	丝绸做的帽子，美轮美奂，典雅华贵。	704	70	7	0	-1	-1	-1	-1	-1	-1	-1	-1	-1	-1	-1	-1	-1	-1	-1	-1	-1	-1	-1	-1	-1	-1	-1	-1	-1	-1	-1	-1	-1	-1	-1	-1	-1	-1	-1	-1	-1	-1	-1	-1	-1	-1	-1	-1	-1	-1	-1	-1	-1	-1	-1	-1	-1	-1	-1	-1	-1	-1	-1	-1	7	-1	7	-1	-1	-1	Hat1_4	帽子
10110008	1	1	10	8	1	98	1	8	4	绫罗帽	22	绫罗做的帽子，美轮美奂，典雅华贵。	704	70	7	0	-1	-1	-1	-1	-1	-1	-1	-1	-1	-1	-1	-1	-1	-1	-1	-1	-1	-1	-1	-1	-1	-1	-1	-1	-1	-1	-1	-1	-1	-1	-1	-1	-1	-1	-1	-1	-1	-1	-1	-1	-1	-1	-1	-1	-1	-1	-1	-1	-1	-1	-1	-1	-1	-1	-1	-1	-1	-1	-1	-1	7	-1	7	-1	-1	-1	Hat1_4	帽子
10110009	1	1	10	9	1	99	1	9	4	狼牙帽	32	镶有狼牙的帽子，初露锋芒，坚固有力。	864	70	7	0	-1	-1	-1	-1	-1	-1	-1	-1	-1	-1	-1	-1	-1	-1	-1	-1	-1	-1	-1	-1	-1	-1	-1	-1	-1	-1	-1	-1	-1	-1	-1	-1	-1	-1	-1	-1	-1	-1	-1	-1	-1	-1	-1	-1	-1	-1	-1	-1	-1	-1	-1	-1	-1	-1	-1	-1	-1	-1	-1	-1	10	-1	10	-1	-1	-1	Hat2_11	帽子
10110010	1	1	10	10	1	100	1	10	4	狼爪帽	32	镶有狼爪的帽子，初露锋芒，坚固有力。	864	70	7	0	-1	-1	-1	-1	-1	-1	-1	-1	-1	-1	-1	-1	-1	-1	-1	-1	-1	-1	-1	-1	-1	-1	-1	-1	-1	-1	-1	-1	-1	-1	-1	-1	-1	-1	-1	-1	-1	-1	-1	-1	-1	-1	-1	-1	-1	-1	-1	-1	-1	-1	-1	-1	-1	-1	-1	-1	-1	-1	-1	-1	10	-1	10	-1	-1	-1	Hat2_11	帽子
10110011	1	1	10	11	1	101	1	11	4	狼皮帽	32	狼皮做的帽子，初露锋芒，坚固有力。	864	70	7	0	-1	-1	-1	-1	-1	-1	-1	-1	-1	-1	-1	-1	-1	-1	-1	-1	-1	-1	-1	-1	-1	-1	-1	-1	-1	-1	-1	-1	-1	-1	-1	-1	-1	-1	-1	-1	-1	-1	-1	-1	-1	-1	-1	-1	-1	-1	-1	-1	-1	-1	-1	-1	-1	-1	-1	-1	-1	-1	-1	-1	10	-1	10	-1	-1	-1	Hat2_11	帽子
10110012	1	1	10	12	1	102	1	12	4	虎牙帽	42	镶有虎牙的帽子，锋芒毕露，霸气十足。	1084	80	8	0	-1	-1	-1	-1	-1	-1	-1	-1	-1	-1	-1	-1	-1	-1	-1	-1	-1	-1	-1	-1	-1	-1	-1	-1	-1	-1	-1	-1	-1	-1	-1	-1	-1	-1	-1	-1	-1	-1	-1	-1	-1	-1	-1	-1	-1	-1	-1	-1	-1	-1	-1	-1	-1	-1	-1	-1	-1	-1	-1	-1	13	-1	13	-1	-1	-1	Hat2_3	帽子
10110013	1	1	10	13	1	103	1	13	4	虎爪帽	42	镶有虎爪的帽子，锋芒毕露，霸气十足。	1084	80	8	0	-1	-1	-1	-1	-1	-1	-1	-1	-1	-1	-1	-1	-1	-1	-1	-1	-1	-1	-1	-1	-1	-1	-1	-1	-1	-1	-1	-1	-1	-1	-1	-1	-1	-1	-1	-1	-1	-1	-1	-1	-1	-1	-1	-1	-1	-1	-1	-1	-1	-1	-1	-1	-1	-1	-1	-1	-1	-1	-1	-1	13	-1	13	-1	-1	-1	Hat2_3	帽子
10110014	1	1	10	14	1	104	1	14	4	虎皮帽	42	虎皮做的帽子，锋芒毕露，霸气十足。	1084	80	8	0	-1	-1	-1	-1	-1	-1	-1	-1	-1	-1	-1	-1	-1	-1	-1	-1	-1	-1	-1	-1	-1	-1	-1	-1	-1	-1	-1	-1	-1	-1	-1	-1	-1	-1	-1	-1	-1	-1	-1	-1	-1	-1	-1	-1	-1	-1	-1	-1	-1	-1	-1	-1	-1	-1	-1	-1	-1	-1	-1	-1	13	-1	13	-1	-1	-1	Hat2_3	帽子
10110015	1	1	10	15	1	105	1	15	4	蛟龙帽	52	蛟龙皮和银丝线合制而成，触感柔软，有很强的防御能力。	1756	80	8	0	-1	-1	-1	-1	-1	-1	-1	-1	-1	-1	-1	-1	-1	-1	-1	-1	-1	-1	-1	-1	-1	-1	-1	-1	-1	-1	-1	-1	-1	-1	-1	-1	-1	-1	-1	-1	-1	-1	-1	-1	-1	-1	-1	-1	-1	-1	-1	-1	-1	-1	-1	-1	-1	-1	-1	-1	-1	-1	-1	-1	17	-1	17	-1	-1	-1	Hat1_13	帽子
10110016	1	1	10	16	1	106	1	16	4	乌蚕帽	52	乌蚕丝和银丝线合制而成，触感柔软，有很强的防御能力。	1756	80	8	0	-1	-1	-1	-1	-1	-1	-1	-1	-1	-1	-1	-1	-1	-1	-1	-1	-1	-1	-1	-1	-1	-1	-1	-1	-1	-1	-1	-1	-1	-1	-1	-1	-1	-1	-1	-1	-1	-1	-1	-1	-1	-1	-1	-1	-1	-1	-1	-1	-1	-1	-1	-1	-1	-1	-1	-1	-1	-1	-1	-1	17	-1	17	-1	-1	-1	Hat1_2	帽子
10110017	1	1	10	17	1	107	1	17	4	苍蟒帽	52	蟒蛇皮和银丝线合制而成，触感柔软，有很强的防御能力。	1756	80	8	0	-1	-1	-1	-1	-1	-1	-1	-1	-1	-1	-1	-1	-1	-1	-1	-1	-1	-1	-1	-1	-1	-1	-1	-1	-1	-1	-1	-1	-1	-1	-1	-1	-1	-1	-1	-1	-1	-1	-1	-1	-1	-1	-1	-1	-1	-1	-1	-1	-1	-1	-1	-1	-1	-1	-1	-1	-1	-1	-1	-1	17	-1	17	-1	-1	-1	Hat1_16	帽子
10110018	1	1	10	18	1	108	1	18	4	天枢帽	62	帽身绘有天枢星图，玄妙无比。	2820	90	9	0	-1	-1	-1	-1	-1	-1	-1	-1	-1	-1	-1	-1	-1	-1	-1	-1	-1	-1	-1	-1	-1	-1	-1	-1	-1	-1	-1	-1	-1	-1	-1	-1	-1	-1	-1	-1	-1	-1	-1	-1	-1	-1	-1	-1	-1	-1	-1	-1	-1	-1	-1	-1	-1	-1	-1	-1	-1	-1	-1	-1	22	-1	22	-1	-1	-1	Hat1_10	帽子
10110019	1	1	10	19	1	109	1	19	4	天玑帽	62	帽身绘有天玑星图，玄妙无比。	2820	90	9	0	-1	-1	-1	-1	-1	-1	-1	-1	-1	-1	-1	-1	-1	-1	-1	-1	-1	-1	-1	-1	-1	-1	-1	-1	-1	-1	-1	-1	-1	-1	-1	-1	-1	-1	-1	-1	-1	-1	-1	-1	-1	-1	-1	-1	-1	-1	-1	-1	-1	-1	-1	-1	-1	-1	-1	-1	-1	-1	-1	-1	22	-1	22	-1	-1	-1	Hat1_4	帽子
10110020	1	1	10	20	1	110	1	20	4	天璇帽	62	帽身绘有天璇星图，玄妙无比。	2820	90	9	0	-1	-1	-1	-1	-1	-1	-1	-1	-1	-1	-1	-1	-1	-1	-1	-1	-1	-1	-1	-1	-1	-1	-1	-1	-1	-1	-1	-1	-1	-1	-1	-1	-1	-1	-1	-1	-1	-1	-1	-1	-1	-1	-1	-1	-1	-1	-1	-1	-1	-1	-1	-1	-1	-1	-1	-1	-1	-1	-1	-1	22	-1	22	-1	-1	-1	Hat1_11	帽子
10110021	1	1	10	21	1	111	1	21	4	天权帽	62	帽身绘有天权星图，玄妙无比。	2820	90	9	0	-1	-1	-1	-1	-1	-1	-1	-1	-1	-1	-1	-1	-1	-1	-1	-1	-1	-1	-1	-1	-1	-1	-1	-1	-1	-1	-1	-1	-1	-1	-1	-1	-1	-1	-1	-1	-1	-1	-1	-1	-1	-1	-1	-1	-1	-1	-1	-1	-1	-1	-1	-1	-1	-1	-1	-1	-1	-1	-1	-1	22	-1	22	-1	-1	-1	Hat1_6	帽子
10110022	1	1	10	22	1	112	1	22	4	瑶光帽	62	帽身绘有瑶光星图，玄妙无比。	2820	90	9	0	-1	-1	-1	-1	-1	-1	-1	-1	-1	-1	-1	-1	-1	-1	-1	-1	-1	-1	-1	-1	-1	-1	-1	-1	-1	-1	-1	-1	-1	-1	-1	-1	-1	-1	-1	-1	-1	-1	-1	-1	-1	-1	-1	-1	-1	-1	-1	-1	-1	-1	-1	-1	-1	-1	-1	-1	-1	-1	-1	-1	22	-1	22	-1	-1	-1	Hat2_3	帽子
10110023	1	1	10	23	1	113	1	23	4	开阳帽	62	帽身绘有开阳星图，玄妙无比。	2820	90	9	0	-1	-1	-1	-1	-1	-1	-1	-1	-1	-1	-1	-1	-1	-1	-1	-1	-1	-1	-1	-1	-1	-1	-1	-1	-1	-1	-1	-1	-1	-1	-1	-1	-1	-1	-1	-1	-1	-1	-1	-1	-1	-1	-1	-1	-1	-1	-1	-1	-1	-1	-1	-1	-1	-1	-1	-1	-1	-1	-1	-1	22	-1	22	-1	-1	-1	Hat2_6	帽子
10110024	1	1	10	24	1	114	1	24	4	贪狼帽	71	传为贪狼星君所造，仙气环绕，光彩夺目。	4368	90	9	0	-1	-1	-1	-1	-1	-1	-1	-1	-1	-1	-1	-1	-1	-1	-1	-1	-1	-1	-1	-1	-1	-1	-1	-1	-1	-1	-1	-1	-1	-1	-1	-1	-1	-1	-1	-1	-1	-1	-1	-1	-1	-1	-1	-1	-1	-1	-1	-1	-1	-1	-1	-1	-1	-1	-1	-1	-1	-1	-1	-1	24	-1	24	-1	-1	-1	Hat1_11	帽子
10110025	1	1	10	25	1	115	1	25	4	巨门帽	71	传为巨门星君所造，仙气环绕，光彩夺目。	4368	90	9	0	-1	-1	-1	-1	-1	-1	-1	-1	-1	-1	-1	-1	-1	-1	-1	-1	-1	-1	-1	-1	-1	-1	-1	-1	-1	-1	-1	-1	-1	-1	-1	-1	-1	-1	-1	-1	-1	-1	-1	-1	-1	-1	-1	-1	-1	-1	-1	-1	-1	-1	-1	-1	-1	-1	-1	-1	-1	-1	-1	-1	24	-1	24	-1	-1	-1	Hat1_10	帽子
10110026	1	1	10	26	1	116	1	26	4	禄存帽	71	传为禄存星君所造，仙气环绕，光彩夺目。	4368	90	9	0	-1	-1	-1	-1	-1	-1	-1	-1	-1	-1	-1	-1	-1	-1	-1	-1	-1	-1	-1	-1	-1	-1	-1	-1	-1	-1	-1	-1	-1	-1	-1	-1	-1	-1	-1	-1	-1	-1	-1	-1	-1	-1	-1	-1	-1	-1	-1	-1	-1	-1	-1	-1	-1	-1	-1	-1	-1	-1	-1	-1	24	-1	24	-1	-1	-1	Hat1_4	帽子
10110027	1	1	10	27	1	117	1	27	4	文曲帽	71	传为文曲星君所造，仙气环绕，光彩夺目。	4368	90	9	0	-1	-1	-1	-1	-1	-1	-1	-1	-1	-1	-1	-1	-1	-1	-1	-1	-1	-1	-1	-1	-1	-1	-1	-1	-1	-1	-1	-1	-1	-1	-1	-1	-1	-1	-1	-1	-1	-1	-1	-1	-1	-1	-1	-1	-1	-1	-1	-1	-1	-1	-1	-1	-1	-1	-1	-1	-1	-1	-1	-1	24	-1	24	-1	-1	-1	Hat1_13	帽子
10110028	1	1	10	28	1	118	1	28	4	破军帽	71	传为破军星君所造，仙气环绕，光彩夺目。	4368	90	9	0	-1	-1	-1	-1	-1	-1	-1	-1	-1	-1	-1	-1	-1	-1	-1	-1	-1	-1	-1	-1	-1	-1	-1	-1	-1	-1	-1	-1	-1	-1	-1	-1	-1	-1	-1	-1	-1	-1	-1	-1	-1	-1	-1	-1	-1	-1	-1	-1	-1	-1	-1	-1	-1	-1	-1	-1	-1	-1	-1	-1	24	-1	24	-1	-1	-1	Hat2_14	帽子
10110029	1	1	10	29	1	119	1	29	4	武曲帽	71	传为武曲星君所造，仙气环绕，光彩夺目。	4368	90	9	0	-1	-1	-1	-1	-1	-1	-1	-1	-1	-1	-1	-1	-1	-1	-1	-1	-1	-1	-1	-1	-1	-1	-1	-1	-1	-1	-1	-1	-1	-1	-1	-1	-1	-1	-1	-1	-1	-1	-1	-1	-1	-1	-1	-1	-1	-1	-1	-1	-1	-1	-1	-1	-1	-1	-1	-1	-1	-1	-1	-1	24	-1	24	-1	-1	-1	Hat2_7	帽子
10110030	1	1	10	30	1	120	1	30	4	如来帽	76	如来佛祖遗落世间的帽子，经文护体，刀枪不入。	4368	90	9	0	-1	-1	-1	-1	-1	-1	-1	-1	-1	-1	-1	-1	-1	-1	-1	-1	-1	-1	-1	-1	-1	-1	-1	-1	-1	-1	-1	-1	-1	-1	-1	-1	-1	-1	-1	-1	-1	-1	-1	-1	-1	-1	-1	-1	-1	-1	-1	-1	-1	-1	-1	-1	-1	-1	-1	-1	-1	-1	-1	-1	27	-1	27	-1	-1	-1	Hat1_5	帽子
10110031	1	1	10	31	1	211	1	31	4	龙女帽	76	东海龙女遗落世间的帽子，经文护体，刀枪不入。	4368	90	9	0	-1	-1	-1	-1	-1	-1	-1	-1	-1	-1	-1	-1	-1	-1	-1	-1	-1	-1	-1	-1	-1	-1	-1	-1	-1	-1	-1	-1	-1	-1	-1	-1	-1	-1	-1	-1	-1	-1	-1	-1	-1	-1	-1	-1	-1	-1	-1	-1	-1	-1	-1	-1	-1	-1	-1	-1	-1	-1	-1	-1	27	-1	27	-1	-1	-1	Hat1_1	帽子
10110032	1	1	10	32	1	212	1	32	4	圣武帽	76	圣武真君遗落世间的帽子，经文护体，刀枪不入。	4368	90	9	0	-1	-1	-1	-1	-1	-1	-1	-1	-1	-1	-1	-1	-1	-1	-1	-1	-1	-1	-1	-1	-1	-1	-1	-1	-1	-1	-1	-1	-1	-1	-1	-1	-1	-1	-1	-1	-1	-1	-1	-1	-1	-1	-1	-1	-1	-1	-1	-1	-1	-1	-1	-1	-1	-1	-1	-1	-1	-1	-1	-1	27	-1	27	-1	-1	-1	Hat1_13	帽子
10110033	1	1	10	33	1	213	1	33	4	达摩帽	76	达摩祖师遗落世间的帽子，经文护体，刀枪不入。	4368	90	9	0	-1	-1	-1	-1	-1	-1	-1	-1	-1	-1	-1	-1	-1	-1	-1	-1	-1	-1	-1	-1	-1	-1	-1	-1	-1	-1	-1	-1	-1	-1	-1	-1	-1	-1	-1	-1	-1	-1	-1	-1	-1	-1	-1	-1	-1	-1	-1	-1	-1	-1	-1	-1	-1	-1	-1	-1	-1	-1	-1	-1	27	-1	27	-1	-1	-1	Hat1_16	帽子
10110034	1	1	10	34	1	214	1	34	4	罗汉帽	76	降龙罗汉遗落世间的帽子，经文护体，刀枪不入。	4368	90	9	0	-1	-1	-1	-1	-1	-1	-1	-1	-1	-1	-1	-1	-1	-1	-1	-1	-1	-1	-1	-1	-1	-1	-1	-1	-1	-1	-1	-1	-1	-1	-1	-1	-1	-1	-1	-1	-1	-1	-1	-1	-1	-1	-1	-1	-1	-1	-1	-1	-1	-1	-1	-1	-1	-1	-1	-1	-1	-1	-1	-1	27	-1	27	-1	-1	-1	Hat2_9	帽子
10110035	1	1	10	35	1	215	1	35	4	喇嘛帽	76	红袍喇嘛遗落世间的帽子，经文护体，刀枪不入。	4368	90	9	0	-1	-1	-1	-1	-1	-1	-1	-1	-1	-1	-1	-1	-1	-1	-1	-1	-1	-1	-1	-1	-1	-1	-1	-1	-1	-1	-1	-1	-1	-1	-1	-1	-1	-1	-1	-1	-1	-1	-1	-1	-1	-1	-1	-1	-1	-1	-1	-1	-1	-1	-1	-1	-1	-1	-1	-1	-1	-1	-1	-1	27	-1	27	-1	-1	-1	Hat1_2	帽子
10110036	1	1	10	36	1	216	1	36	4	浮云帽	81	不知为何物质制成，上有浮云千丈，名动天下。	6504	90	9	0	-1	-1	-1	-1	-1	-1	-1	-1	-1	-1	-1	-1	-1	-1	-1	-1	-1	-1	-1	-1	-1	-1	-1	-1	-1	-1	-1	-1	-1	-1	-1	-1	-1	-1	-1	-1	-1	-1	-1	-1	-1	-1	-1	-1	-1	-1	-1	-1	-1	-1	-1	-1	-1	-1	-1	-1	-1	-1	-1	-1	29	-1	29	-1	-1	-1	Hat2_11	帽子
10110037	1	1	10	37	1	217	1	37	4	神行帽	81	不知为何物质制成，上有龙翔万里，名动天下。	6504	90	9	0	-1	-1	-1	-1	-1	-1	-1	-1	-1	-1	-1	-1	-1	-1	-1	-1	-1	-1	-1	-1	-1	-1	-1	-1	-1	-1	-1	-1	-1	-1	-1	-1	-1	-1	-1	-1	-1	-1	-1	-1	-1	-1	-1	-1	-1	-1	-1	-1	-1	-1	-1	-1	-1	-1	-1	-1	-1	-1	-1	-1	29	-1	29	-1	-1	-1	Hat2_1	帽子
10110038	1	1	10	38	1	218	1	38	4	踏风帽	81	不知为何物质制成，上有大鹏展翅，名动天下。	6504	90	9	0	-1	-1	-1	-1	-1	-1	-1	-1	-1	-1	-1	-1	-1	-1	-1	-1	-1	-1	-1	-1	-1	-1	-1	-1	-1	-1	-1	-1	-1	-1	-1	-1	-1	-1	-1	-1	-1	-1	-1	-1	-1	-1	-1	-1	-1	-1	-1	-1	-1	-1	-1	-1	-1	-1	-1	-1	-1	-1	-1	-1	29	-1	29	-1	-1	-1	Hat2_14	帽子
10110039	1	1	10	39	1	219	1	39	4	追日帽	81	不知为何物质制成，上有凤凰追日，名动天下。	6504	90	9	0	-1	-1	-1	-1	-1	-1	-1	-1	-1	-1	-1	-1	-1	-1	-1	-1	-1	-1	-1	-1	-1	-1	-1	-1	-1	-1	-1	-1	-1	-1	-1	-1	-1	-1	-1	-1	-1	-1	-1	-1	-1	-1	-1	-1	-1	-1	-1	-1	-1	-1	-1	-1	-1	-1	-1	-1	-1	-1	-1	-1	29	-1	29	-1	-1	-1	Hat2_3	帽子
10110040	1	1	10	40	1	220	1	40	4	逐月帽	81	不知为何物质制成，上有青鸳逐月，名动天下。	6504	90	9	0	-1	-1	-1	-1	-1	-1	-1	-1	-1	-1	-1	-1	-1	-1	-1	-1	-1	-1	-1	-1	-1	-1	-1	-1	-1	-1	-1	-1	-1	-1	-1	-1	-1	-1	-1	-1	-1	-1	-1	-1	-1	-1	-1	-1	-1	-1	-1	-1	-1	-1	-1	-1	-1	-1	-1	-1	-1	-1	-1	-1	29	-1	29	-1	-1	-1	Hat2_4	帽子
10110041	1	1	10	41	1	221	1	41	4	朱雀冠	86	红色帽冠，为南方朱雀所守护，万物不侵，法力无边。	6504	100	10	0	-1	-1	-1	-1	-1	-1	-1	-1	-1	-1	-1	-1	-1	-1	-1	-1	-1	-1	-1	-1	-1	-1	-1	-1	-1	-1	-1	-1	-1	-1	-1	-1	-1	-1	-1	-1	-1	-1	-1	-1	-1	-1	-1	-1	-1	-1	-1	-1	-1	-1	-1	-1	-1	-1	-1	-1	-1	-1	-1	-1	31	-1	31	-1	-1	-1	Hat2_13	帽子
10110042	1	1	10	42	1	222	1	42	4	玄武冠	86	黑色帽冠，为北方玄武所守护，万物不侵，法力无边。	6504	100	10	0	-1	-1	-1	-1	-1	-1	-1	-1	-1	-1	-1	-1	-1	-1	-1	-1	-1	-1	-1	-1	-1	-1	-1	-1	-1	-1	-1	-1	-1	-1	-1	-1	-1	-1	-1	-1	-1	-1	-1	-1	-1	-1	-1	-1	-1	-1	-1	-1	-1	-1	-1	-1	-1	-1	-1	-1	-1	-1	-1	-1	31	-1	31	-1	-1	-1	Hat2_9	帽子
10110043	1	1	10	43	1	223	1	43	4	白虎冠	86	白色帽冠，为西方白虎所守护，万物不侵，法力无边。	6504	100	10	0	-1	-1	-1	-1	-1	-1	-1	-1	-1	-1	-1	-1	-1	-1	-1	-1	-1	-1	-1	-1	-1	-1	-1	-1	-1	-1	-1	-1	-1	-1	-1	-1	-1	-1	-1	-1	-1	-1	-1	-1	-1	-1	-1	-1	-1	-1	-1	-1	-1	-1	-1	-1	-1	-1	-1	-1	-1	-1	-1	-1	31	-1	31	-1	-1	-1	Hat1_10	帽子
10110044	1	1	10	44	1	224	1	44	4	青龙冠	86	青色帽冠，为东方青龙所守护，万物不侵，法力无边。	6504	100	10	0	-1	-1	-1	-1	-1	-1	-1	-1	-1	-1	-1	-1	-1	-1	-1	-1	-1	-1	-1	-1	-1	-1	-1	-1	-1	-1	-1	-1	-1	-1	-1	-1	-1	-1	-1	-1	-1	-1	-1	-1	-1	-1	-1	-1	-1	-1	-1	-1	-1	-1	-1	-1	-1	-1	-1	-1	-1	-1	-1	-1	31	-1	31	-1	-1	-1	Hat1_6	帽子
10110045	1	1	10	45	1	225	1	45	4	圣灵巾	91	女娲补天时用的五彩石矶所造，吸收日月精华，赋有无穷灵力。	9336	100	10	0	-1	-1	-1	-1	-1	-1	-1	-1	-1	-1	-1	-1	-1	-1	-1	-1	-1	-1	-1	-1	-1	-1	-1	-1	-1	-1	-1	-1	-1	-1	-1	-1	-1	-1	-1	-1	-1	-1	-1	-1	-1	-1	-1	-1	-1	-1	-1	-1	-1	-1	-1	-1	-1	-1	-1	-1	-1	-1	-1	-1	34	-1	34	-1	-1	-1	Hat1_15	帽子
10110046	1	1	10	46	1	226	1	46	4	幽冥冠	91	来自冥间，地狱之火烧练而成，怨气浓重，魔性强大。	9336	100	10	0	-1	-1	-1	-1	-1	-1	-1	-1	-1	-1	-1	-1	-1	-1	-1	-1	-1	-1	-1	-1	-1	-1	-1	-1	-1	-1	-1	-1	-1	-1	-1	-1	-1	-1	-1	-1	-1	-1	-1	-1	-1	-1	-1	-1	-1	-1	-1	-1	-1	-1	-1	-1	-1	-1	-1	-1	-1	-1	-1	-1	34	-1	34	-1	-1	-1	Hat2_2	帽子
10110047	1	1	10	47	1	227	1	47	4	怜悯帽	91	佛家最为贵重的物品，可与使用者相互感应。	9336	100	10	0	-1	-1	-1	-1	-1	-1	-1	-1	-1	-1	-1	-1	-1	-1	-1	-1	-1	-1	-1	-1	-1	-1	-1	-1	-1	-1	-1	-1	-1	-1	-1	-1	-1	-1	-1	-1	-1	-1	-1	-1	-1	-1	-1	-1	-1	-1	-1	-1	-1	-1	-1	-1	-1	-1	-1	-1	-1	-1	-1	-1	34	-1	34	-1	-1	-1	Hat2_12	帽子
10110048	1	1	10	48	1	228	1	48	4	霓云羽冠	96	据说是九天仙女为大地祈福跳舞时所用，是可遇不可求的极品。	9336	100	10	0	-1	-1	-1	-1	-1	-1	-1	-1	-1	-1	-1	-1	-1	-1	-1	-1	-1	-1	-1	-1	-1	-1	-1	-1	-1	-1	-1	-1	-1	-1	-1	-1	-1	-1	-1	-1	-1	-1	-1	-1	-1	-1	-1	-1	-1	-1	-1	-1	-1	-1	-1	-1	-1	-1	-1	-1	-1	-1	-1	-1	37	-1	37	-1	-1	-1	Hat1_3	帽子
10110049	1	1	10	49	1	229	1	49	4	九宝天巾	96	上有九宝华文，受到天地精华的凝炼，灵气异常。	9336	100	10	0	-1	-1	-1	-1	-1	-1	-1	-1	-1	-1	-1	-1	-1	-1	-1	-1	-1	-1	-1	-1	-1	-1	-1	-1	-1	-1	-1	-1	-1	-1	-1	-1	-1	-1	-1	-1	-1	-1	-1	-1	-1	-1	-1	-1	-1	-1	-1	-1	-1	-1	-1	-1	-1	-1	-1	-1	-1	-1	-1	-1	37	-1	37	-1	-1	-1	Hat1_14	帽子
10110050	1	1	10	50	1	230	1	50	4	归元神冠	96	上古神物，生于天地混沌之时，有凝神归元，起死回生之用。	9336	100	10	0	-1	-1	-1	-1	-1	-1	-1	-1	-1	-1	-1	-1	-1	-1	-1	-1	-1	-1	-1	-1	-1	-1	-1	-1	-1	-1	-1	-1	-1	-1	-1	-1	-1	-1	-1	-1	-1	-1	-1	-1	-1	-1	-1	-1	-1	-1	-1	-1	-1	-1	-1	-1	-1	-1	-1	-1	-1	-1	-1	-1	37	-1	37	-1	-1	-1	Hat1_12	帽子
10111000	1	1	11	0	4	31	1	0	4	新手鞋	1	1级标准。	4	60	6	0	-1	-1	-1	-1	-1	-1	-1	-1	-1	-1	-1	-1	-1	-1	-1	-1	-1	-1	-1	-1	-1	-1	-1	-1	-1	-1	-1	-1	-1	-1	-1	-1	-1	-1	-1	-1	-1	-1	-1	-1	-1	-1	-1	-1	-1	-1	-1	-1	-1	-1	-1	-1	-1	-1	-1	-1	-1	-1	-1	-1	1	-1	1	-1	-1	-1	Shoes1_1	鞋
10111001	1	1	11	1	4	153	1	1	4	粗布鞋	4	粗布做的鞋子，适合初入江湖者使用。	516	60	6	0	-1	-1	-1	-1	-1	-1	-1	-1	-1	-1	-1	-1	-1	-1	-1	-1	-1	-1	-1	-1	-1	-1	-1	-1	-1	-1	-1	-1	-1	-1	-1	-1	-1	-1	-1	-1	-1	-1	-1	-1	-1	-1	-1	-1	-1	-1	-1	-1	-1	-1	-1	-1	-1	-1	-1	-1	-1	-1	-1	-1	2	-1	2	-1	-1	-1	Shoes1_13	鞋
10111002	1	1	11	2	4	153	1	2	4	麻布鞋	4	麻布做的鞋子，适合初入江湖者使用。	516	60	6	0	-1	-1	-1	-1	-1	-1	-1	-1	-1	-1	-1	-1	-1	-1	-1	-1	-1	-1	-1	-1	-1	-1	-1	-1	-1	-1	-1	-1	-1	-1	-1	-1	-1	-1	-1	-1	-1	-1	-1	-1	-1	-1	-1	-1	-1	-1	-1	-1	-1	-1	-1	-1	-1	-1	-1	-1	-1	-1	-1	-1	2	-1	2	-1	-1	-1	Shoes1_13	鞋
10111003	1	1	11	3	4	153	1	3	4	棉布鞋	4	棉布做的鞋子，适合初入江湖者使用。	516	60	6	0	-1	-1	-1	-1	-1	-1	-1	-1	-1	-1	-1	-1	-1	-1	-1	-1	-1	-1	-1	-1	-1	-1	-1	-1	-1	-1	-1	-1	-1	-1	-1	-1	-1	-1	-1	-1	-1	-1	-1	-1	-1	-1	-1	-1	-1	-1	-1	-1	-1	-1	-1	-1	-1	-1	-1	-1	-1	-1	-1	-1	2	-1	2	-1	-1	-1	Shoes1_13	鞋
10111004	1	1	11	4	4	155	1	4	4	纱绒鞋	14	纱绒做的鞋子，精致无比，华美舒适。	700	60	6	0	-1	-1	-1	-1	-1	-1	-1	-1	-1	-1	-1	-1	-1	-1	-1	-1	-1	-1	-1	-1	-1	-1	-1	-1	-1	-1	-1	-1	-1	-1	-1	-1	-1	-1	-1	-1	-1	-1	-1	-1	-1	-1	-1	-1	-1	-1	-1	-1	-1	-1	-1	-1	-1	-1	-1	-1	-1	-1	-1	-1	5	-1	5	-1	-1	-1	Shoes1_14	鞋
10111005	1	1	11	5	4	155	1	5	4	绢丝鞋	14	绢丝做的鞋子，精致无比，华美舒适。	700	60	6	0	-1	-1	-1	-1	-1	-1	-1	-1	-1	-1	-1	-1	-1	-1	-1	-1	-1	-1	-1	-1	-1	-1	-1	-1	-1	-1	-1	-1	-1	-1	-1	-1	-1	-1	-1	-1	-1	-1	-1	-1	-1	-1	-1	-1	-1	-1	-1	-1	-1	-1	-1	-1	-1	-1	-1	-1	-1	-1	-1	-1	5	-1	5	-1	-1	-1	Shoes1_14	鞋
10111006	1	1	11	6	4	157	1	6	4	锦帛鞋	24	锦帛做的鞋子，美轮美奂，典雅华贵。	924	70	7	0	-1	-1	-1	-1	-1	-1	-1	-1	-1	-1	-1	-1	-1	-1	-1	-1	-1	-1	-1	-1	-1	-1	-1	-1	-1	-1	-1	-1	-1	-1	-1	-1	-1	-1	-1	-1	-1	-1	-1	-1	-1	-1	-1	-1	-1	-1	-1	-1	-1	-1	-1	-1	-1	-1	-1	-1	-1	-1	-1	-1	8	-1	8	-1	-1	-1	Shoes1_15	鞋
10111007	1	1	11	7	4	157	1	7	4	丝绸鞋	24	丝绸做的鞋子，美轮美奂，典雅华贵。	924	70	7	0	-1	-1	-1	-1	-1	-1	-1	-1	-1	-1	-1	-1	-1	-1	-1	-1	-1	-1	-1	-1	-1	-1	-1	-1	-1	-1	-1	-1	-1	-1	-1	-1	-1	-1	-1	-1	-1	-1	-1	-1	-1	-1	-1	-1	-1	-1	-1	-1	-1	-1	-1	-1	-1	-1	-1	-1	-1	-1	-1	-1	8	-1	8	-1	-1	-1	Shoes1_15	鞋
10111008	1	1	11	8	4	157	1	8	4	绫罗鞋	24	绫罗做的鞋子，美轮美奂，典雅华贵。	924	70	7	0	-1	-1	-1	-1	-1	-1	-1	-1	-1	-1	-1	-1	-1	-1	-1	-1	-1	-1	-1	-1	-1	-1	-1	-1	-1	-1	-1	-1	-1	-1	-1	-1	-1	-1	-1	-1	-1	-1	-1	-1	-1	-1	-1	-1	-1	-1	-1	-1	-1	-1	-1	-1	-1	-1	-1	-1	-1	-1	-1	-1	8	-1	8	-1	-1	-1	Shoes1_15	鞋
10111009	1	1	11	9	4	160	1	9	4	狼牙鞋	34	镶有狼牙的鞋子，初露锋芒，坚固有力。	1184	70	7	0	-1	-1	-1	-1	-1	-1	-1	-1	-1	-1	-1	-1	-1	-1	-1	-1	-1	-1	-1	-1	-1	-1	-1	-1	-1	-1	-1	-1	-1	-1	-1	-1	-1	-1	-1	-1	-1	-1	-1	-1	-1	-1	-1	-1	-1	-1	-1	-1	-1	-1	-1	-1	-1	-1	-1	-1	-1	-1	-1	-1	10	-1	10	-1	-1	-1	Shoes2_2	鞋
10111010	1	1	11	10	4	160	1	10	4	狼爪鞋	34	镶有狼爪的鞋子，初露锋芒，坚固有力。	1184	70	7	0	-1	-1	-1	-1	-1	-1	-1	-1	-1	-1	-1	-1	-1	-1	-1	-1	-1	-1	-1	-1	-1	-1	-1	-1	-1	-1	-1	-1	-1	-1	-1	-1	-1	-1	-1	-1	-1	-1	-1	-1	-1	-1	-1	-1	-1	-1	-1	-1	-1	-1	-1	-1	-1	-1	-1	-1	-1	-1	-1	-1	10	-1	10	-1	-1	-1	Shoes2_2	鞋
10111011	1	1	11	11	4	160	1	11	4	狼皮鞋	34	狼皮做的鞋子，初露锋芒，坚固有力。	1184	70	7	0	-1	-1	-1	-1	-1	-1	-1	-1	-1	-1	-1	-1	-1	-1	-1	-1	-1	-1	-1	-1	-1	-1	-1	-1	-1	-1	-1	-1	-1	-1	-1	-1	-1	-1	-1	-1	-1	-1	-1	-1	-1	-1	-1	-1	-1	-1	-1	-1	-1	-1	-1	-1	-1	-1	-1	-1	-1	-1	-1	-1	10	-1	10	-1	-1	-1	Shoes2_2	鞋
10111012	1	1	11	12	4	164	1	12	4	虎牙鞋	44	镶有虎牙的鞋子，锋芒毕露，霸气十足。	1504	80	8	0	-1	-1	-1	-1	-1	-1	-1	-1	-1	-1	-1	-1	-1	-1	-1	-1	-1	-1	-1	-1	-1	-1	-1	-1	-1	-1	-1	-1	-1	-1	-1	-1	-1	-1	-1	-1	-1	-1	-1	-1	-1	-1	-1	-1	-1	-1	-1	-1	-1	-1	-1	-1	-1	-1	-1	-1	-1	-1	-1	-1	14	-1	14	-1	-1	-1	Shoes2_12	鞋
10111013	1	1	11	13	4	164	1	13	4	虎爪鞋	44	镶有虎爪的鞋子，锋芒毕露，霸气十足。	1504	80	8	0	-1	-1	-1	-1	-1	-1	-1	-1	-1	-1	-1	-1	-1	-1	-1	-1	-1	-1	-1	-1	-1	-1	-1	-1	-1	-1	-1	-1	-1	-1	-1	-1	-1	-1	-1	-1	-1	-1	-1	-1	-1	-1	-1	-1	-1	-1	-1	-1	-1	-1	-1	-1	-1	-1	-1	-1	-1	-1	-1	-1	14	-1	14	-1	-1	-1	Shoes2_12	鞋
10111014	1	1	11	14	4	164	1	14	4	虎皮鞋	44	虎皮做的鞋子，锋芒毕露，霸气十足。	1504	80	8	0	-1	-1	-1	-1	-1	-1	-1	-1	-1	-1	-1	-1	-1	-1	-1	-1	-1	-1	-1	-1	-1	-1	-1	-1	-1	-1	-1	-1	-1	-1	-1	-1	-1	-1	-1	-1	-1	-1	-1	-1	-1	-1	-1	-1	-1	-1	-1	-1	-1	-1	-1	-1	-1	-1	-1	-1	-1	-1	-1	-1	14	-1	14	-1	-1	-1	Shoes2_12	鞋
10111015	1	1	11	15	4	151	1	15	4	蛟龙鞋	54	蛟龙皮和银丝线合制而成，触感柔软，有很强的防御能力。	2276	80	8	0	-1	-1	-1	-1	-1	-1	-1	-1	-1	-1	-1	-1	-1	-1	-1	-1	-1	-1	-1	-1	-1	-1	-1	-1	-1	-1	-1	-1	-1	-1	-1	-1	-1	-1	-1	-1	-1	-1	-1	-1	-1	-1	-1	-1	-1	-1	-1	-1	-1	-1	-1	-1	-1	-1	-1	-1	-1	-1	-1	-1	18	-1	18	-1	-1	-1	Shoes1_1	鞋
10111016	1	1	11	16	4	152	1	16	4	乌蚕鞋	54	乌蚕丝和银丝线合制而成，触感柔软，有很强的防御能力。	2276	80	8	0	-1	-1	-1	-1	-1	-1	-1	-1	-1	-1	-1	-1	-1	-1	-1	-1	-1	-1	-1	-1	-1	-1	-1	-1	-1	-1	-1	-1	-1	-1	-1	-1	-1	-1	-1	-1	-1	-1	-1	-1	-1	-1	-1	-1	-1	-1	-1	-1	-1	-1	-1	-1	-1	-1	-1	-1	-1	-1	-1	-1	18	-1	18	-1	-1	-1	Shoes2_3	鞋
10111017	1	1	11	17	4	154	1	17	4	苍蟒鞋	54	蟒蛇皮和银丝线合制而成，触感柔软，有很强的防御能力。	2276	80	8	0	-1	-1	-1	-1	-1	-1	-1	-1	-1	-1	-1	-1	-1	-1	-1	-1	-1	-1	-1	-1	-1	-1	-1	-1	-1	-1	-1	-1	-1	-1	-1	-1	-1	-1	-1	-1	-1	-1	-1	-1	-1	-1	-1	-1	-1	-1	-1	-1	-1	-1	-1	-1	-1	-1	-1	-1	-1	-1	-1	-1	18	-1	18	-1	-1	-1	Shoes2_13	鞋
10111018	1	1	11	18	4	156	1	18	4	天枢鞋	64	鞋身绘有天枢星图，玄妙无比。	3440	90	9	0	-1	-1	-1	-1	-1	-1	-1	-1	-1	-1	-1	-1	-1	-1	-1	-1	-1	-1	-1	-1	-1	-1	-1	-1	-1	-1	-1	-1	-1	-1	-1	-1	-1	-1	-1	-1	-1	-1	-1	-1	-1	-1	-1	-1	-1	-1	-1	-1	-1	-1	-1	-1	-1	-1	-1	-1	-1	-1	-1	-1	22	-1	22	-1	-1	-1	Shoes2_14	鞋
10111019	1	1	11	19	4	158	1	19	4	天玑鞋	64	鞋身绘有天玑星图，玄妙无比。	3440	90	9	0	-1	-1	-1	-1	-1	-1	-1	-1	-1	-1	-1	-1	-1	-1	-1	-1	-1	-1	-1	-1	-1	-1	-1	-1	-1	-1	-1	-1	-1	-1	-1	-1	-1	-1	-1	-1	-1	-1	-1	-1	-1	-1	-1	-1	-1	-1	-1	-1	-1	-1	-1	-1	-1	-1	-1	-1	-1	-1	-1	-1	22	-1	22	-1	-1	-1	Shoes1_6	鞋
10111020	1	1	11	20	4	159	1	20	4	天璇鞋	64	鞋身绘有天璇星图，玄妙无比。	3440	90	9	0	-1	-1	-1	-1	-1	-1	-1	-1	-1	-1	-1	-1	-1	-1	-1	-1	-1	-1	-1	-1	-1	-1	-1	-1	-1	-1	-1	-1	-1	-1	-1	-1	-1	-1	-1	-1	-1	-1	-1	-1	-1	-1	-1	-1	-1	-1	-1	-1	-1	-1	-1	-1	-1	-1	-1	-1	-1	-1	-1	-1	22	-1	22	-1	-1	-1	Shoes1_2	鞋
10111021	1	1	11	21	4	161	1	21	4	天权鞋	64	鞋身绘有天权星图，玄妙无比。	3440	90	9	0	-1	-1	-1	-1	-1	-1	-1	-1	-1	-1	-1	-1	-1	-1	-1	-1	-1	-1	-1	-1	-1	-1	-1	-1	-1	-1	-1	-1	-1	-1	-1	-1	-1	-1	-1	-1	-1	-1	-1	-1	-1	-1	-1	-1	-1	-1	-1	-1	-1	-1	-1	-1	-1	-1	-1	-1	-1	-1	-1	-1	22	-1	22	-1	-1	-1	Shoes2_2	鞋
10111022	1	1	11	22	4	162	1	22	4	瑶光鞋	64	鞋身绘有瑶光星图，玄妙无比。	3440	90	9	0	-1	-1	-1	-1	-1	-1	-1	-1	-1	-1	-1	-1	-1	-1	-1	-1	-1	-1	-1	-1	-1	-1	-1	-1	-1	-1	-1	-1	-1	-1	-1	-1	-1	-1	-1	-1	-1	-1	-1	-1	-1	-1	-1	-1	-1	-1	-1	-1	-1	-1	-1	-1	-1	-1	-1	-1	-1	-1	-1	-1	22	-1	22	-1	-1	-1	Shoes2_5	鞋
10111023	1	1	11	23	4	163	1	23	4	开阳鞋	64	鞋身绘有开阳星图，玄妙无比。	3440	90	9	0	-1	-1	-1	-1	-1	-1	-1	-1	-1	-1	-1	-1	-1	-1	-1	-1	-1	-1	-1	-1	-1	-1	-1	-1	-1	-1	-1	-1	-1	-1	-1	-1	-1	-1	-1	-1	-1	-1	-1	-1	-1	-1	-1	-1	-1	-1	-1	-1	-1	-1	-1	-1	-1	-1	-1	-1	-1	-1	-1	-1	22	-1	22	-1	-1	-1	Shoes1_12	鞋
10111024	1	1	11	24	4	165	1	24	4	贪狼鞋	72	传为贪狼星君所造，仙气环绕，光彩夺目。	5078	90	9	0	-1	-1	-1	-1	-1	-1	-1	-1	-1	-1	-1	-1	-1	-1	-1	-1	-1	-1	-1	-1	-1	-1	-1	-1	-1	-1	-1	-1	-1	-1	-1	-1	-1	-1	-1	-1	-1	-1	-1	-1	-1	-1	-1	-1	-1	-1	-1	-1	-1	-1	-1	-1	-1	-1	-1	-1	-1	-1	-1	-1	25	-1	25	-1	-1	-1	Shoes1_7	鞋
10111025	1	1	11	25	4	166	1	25	4	巨门鞋	72	传为巨门星君所造，仙气环绕，光彩夺目。	5078	90	9	0	-1	-1	-1	-1	-1	-1	-1	-1	-1	-1	-1	-1	-1	-1	-1	-1	-1	-1	-1	-1	-1	-1	-1	-1	-1	-1	-1	-1	-1	-1	-1	-1	-1	-1	-1	-1	-1	-1	-1	-1	-1	-1	-1	-1	-1	-1	-1	-1	-1	-1	-1	-1	-1	-1	-1	-1	-1	-1	-1	-1	25	-1	25	-1	-1	-1	Shoes1_9	鞋
10111026	1	1	11	26	4	167	1	26	4	禄存鞋	72	传为禄存星君所造，仙气环绕，光彩夺目。	5078	90	9	0	-1	-1	-1	-1	-1	-1	-1	-1	-1	-1	-1	-1	-1	-1	-1	-1	-1	-1	-1	-1	-1	-1	-1	-1	-1	-1	-1	-1	-1	-1	-1	-1	-1	-1	-1	-1	-1	-1	-1	-1	-1	-1	-1	-1	-1	-1	-1	-1	-1	-1	-1	-1	-1	-1	-1	-1	-1	-1	-1	-1	25	-1	25	-1	-1	-1	Shoes1_1	鞋
10111027	1	1	11	27	4	168	1	27	4	文曲鞋	72	传为文曲星君所造，仙气环绕，光彩夺目。	5078	90	9	0	-1	-1	-1	-1	-1	-1	-1	-1	-1	-1	-1	-1	-1	-1	-1	-1	-1	-1	-1	-1	-1	-1	-1	-1	-1	-1	-1	-1	-1	-1	-1	-1	-1	-1	-1	-1	-1	-1	-1	-1	-1	-1	-1	-1	-1	-1	-1	-1	-1	-1	-1	-1	-1	-1	-1	-1	-1	-1	-1	-1	25	-1	25	-1	-1	-1	Shoes2_4	鞋
10111028	1	1	11	28	4	169	1	28	4	破军鞋	72	传为破军星君所造，仙气环绕，光彩夺目。	5078	90	9	0	-1	-1	-1	-1	-1	-1	-1	-1	-1	-1	-1	-1	-1	-1	-1	-1	-1	-1	-1	-1	-1	-1	-1	-1	-1	-1	-1	-1	-1	-1	-1	-1	-1	-1	-1	-1	-1	-1	-1	-1	-1	-1	-1	-1	-1	-1	-1	-1	-1	-1	-1	-1	-1	-1	-1	-1	-1	-1	-1	-1	25	-1	25	-1	-1	-1	Shoes2_5	鞋
10111029	1	1	11	29	4	170	1	29	4	武曲鞋	72	传为武曲星君所造，仙气环绕，光彩夺目。	5078	90	9	0	-1	-1	-1	-1	-1	-1	-1	-1	-1	-1	-1	-1	-1	-1	-1	-1	-1	-1	-1	-1	-1	-1	-1	-1	-1	-1	-1	-1	-1	-1	-1	-1	-1	-1	-1	-1	-1	-1	-1	-1	-1	-1	-1	-1	-1	-1	-1	-1	-1	-1	-1	-1	-1	-1	-1	-1	-1	-1	-1	-1	25	-1	25	-1	-1	-1	Shoes1_11	鞋
10111030	1	1	11	30	4	171	1	30	4	如来鞋	77	如来佛祖遗落世间的鞋子，经文护体，刀枪不入。	5128	90	9	0	-1	-1	-1	-1	-1	-1	-1	-1	-1	-1	-1	-1	-1	-1	-1	-1	-1	-1	-1	-1	-1	-1	-1	-1	-1	-1	-1	-1	-1	-1	-1	-1	-1	-1	-1	-1	-1	-1	-1	-1	-1	-1	-1	-1	-1	-1	-1	-1	-1	-1	-1	-1	-1	-1	-1	-1	-1	-1	-1	-1	27	-1	27	-1	-1	-1	Shoes1_7	鞋
10111031	1	1	11	31	4	172	1	31	4	龙女鞋	77	东海龙女遗落世间的鞋子，经文护体，刀枪不入。	5128	90	9	0	-1	-1	-1	-1	-1	-1	-1	-1	-1	-1	-1	-1	-1	-1	-1	-1	-1	-1	-1	-1	-1	-1	-1	-1	-1	-1	-1	-1	-1	-1	-1	-1	-1	-1	-1	-1	-1	-1	-1	-1	-1	-1	-1	-1	-1	-1	-1	-1	-1	-1	-1	-1	-1	-1	-1	-1	-1	-1	-1	-1	27	-1	27	-1	-1	-1	Shoes1_9	鞋
10111032	1	1	11	32	4	173	1	32	4	圣武鞋	77	圣武真君遗落世间的鞋子，经文护体，刀枪不入。	5128	90	9	0	-1	-1	-1	-1	-1	-1	-1	-1	-1	-1	-1	-1	-1	-1	-1	-1	-1	-1	-1	-1	-1	-1	-1	-1	-1	-1	-1	-1	-1	-1	-1	-1	-1	-1	-1	-1	-1	-1	-1	-1	-1	-1	-1	-1	-1	-1	-1	-1	-1	-1	-1	-1	-1	-1	-1	-1	-1	-1	-1	-1	27	-1	27	-1	-1	-1	Shoes1_2	鞋
10111033	1	1	11	33	4	151	1	33	4	达摩鞋	77	达摩祖师遗落世间的鞋子，经文护体，刀枪不入。	5128	90	9	0	-1	-1	-1	-1	-1	-1	-1	-1	-1	-1	-1	-1	-1	-1	-1	-1	-1	-1	-1	-1	-1	-1	-1	-1	-1	-1	-1	-1	-1	-1	-1	-1	-1	-1	-1	-1	-1	-1	-1	-1	-1	-1	-1	-1	-1	-1	-1	-1	-1	-1	-1	-1	-1	-1	-1	-1	-1	-1	-1	-1	27	-1	27	-1	-1	-1	Shoes1_12	鞋
10111034	1	1	11	34	4	152	1	34	4	罗汉鞋	77	降龙罗汉遗落世间的鞋子，经文护体，刀枪不入。	5128	90	9	0	-1	-1	-1	-1	-1	-1	-1	-1	-1	-1	-1	-1	-1	-1	-1	-1	-1	-1	-1	-1	-1	-1	-1	-1	-1	-1	-1	-1	-1	-1	-1	-1	-1	-1	-1	-1	-1	-1	-1	-1	-1	-1	-1	-1	-1	-1	-1	-1	-1	-1	-1	-1	-1	-1	-1	-1	-1	-1	-1	-1	27	-1	27	-1	-1	-1	Shoes1_11	鞋
10111035	1	1	11	35	4	154	1	35	4	喇嘛靴	77	红袍喇嘛遗落世间的鞋子，经文护体，刀枪不入。	5128	90	9	0	-1	-1	-1	-1	-1	-1	-1	-1	-1	-1	-1	-1	-1	-1	-1	-1	-1	-1	-1	-1	-1	-1	-1	-1	-1	-1	-1	-1	-1	-1	-1	-1	-1	-1	-1	-1	-1	-1	-1	-1	-1	-1	-1	-1	-1	-1	-1	-1	-1	-1	-1	-1	-1	-1	-1	-1	-1	-1	-1	-1	27	-1	27	-1	-1	-1	Shoes2_7	鞋
10111036	1	1	11	36	4	156	1	36	4	浮云靴	82	不知为何物质制成，上有浮云千丈，名动天下。	7314	90	9	0	-1	-1	-1	-1	-1	-1	-1	-1	-1	-1	-1	-1	-1	-1	-1	-1	-1	-1	-1	-1	-1	-1	-1	-1	-1	-1	-1	-1	-1	-1	-1	-1	-1	-1	-1	-1	-1	-1	-1	-1	-1	-1	-1	-1	-1	-1	-1	-1	-1	-1	-1	-1	-1	-1	-1	-1	-1	-1	-1	-1	30	-1	30	-1	-1	-1	Shoes1_6	鞋
10111037	1	1	11	37	4	158	1	37	4	神行靴	82	不知为何物质制成，上有龙翔万里，名动天下。	7314	90	9	0	-1	-1	-1	-1	-1	-1	-1	-1	-1	-1	-1	-1	-1	-1	-1	-1	-1	-1	-1	-1	-1	-1	-1	-1	-1	-1	-1	-1	-1	-1	-1	-1	-1	-1	-1	-1	-1	-1	-1	-1	-1	-1	-1	-1	-1	-1	-1	-1	-1	-1	-1	-1	-1	-1	-1	-1	-1	-1	-1	-1	30	-1	30	-1	-1	-1	Shoes2_11	鞋
10111038	1	1	11	38	4	159	1	38	4	踏风靴	82	不知为何物质制成，上有大鹏展翅，名动天下。	7314	90	9	0	-1	-1	-1	-1	-1	-1	-1	-1	-1	-1	-1	-1	-1	-1	-1	-1	-1	-1	-1	-1	-1	-1	-1	-1	-1	-1	-1	-1	-1	-1	-1	-1	-1	-1	-1	-1	-1	-1	-1	-1	-1	-1	-1	-1	-1	-1	-1	-1	-1	-1	-1	-1	-1	-1	-1	-1	-1	-1	-1	-1	30	-1	30	-1	-1	-1	Shoes2_1	鞋
10111039	1	1	11	39	4	161	1	39	4	追日靴	82	不知为何物质制成，上有凤凰追日，名动天下。	7314	90	9	0	-1	-1	-1	-1	-1	-1	-1	-1	-1	-1	-1	-1	-1	-1	-1	-1	-1	-1	-1	-1	-1	-1	-1	-1	-1	-1	-1	-1	-1	-1	-1	-1	-1	-1	-1	-1	-1	-1	-1	-1	-1	-1	-1	-1	-1	-1	-1	-1	-1	-1	-1	-1	-1	-1	-1	-1	-1	-1	-1	-1	30	-1	30	-1	-1	-1	Shoes1_4	鞋
10111040	1	1	11	40	4	162	1	40	4	逐月靴	82	不知为何物质制成，上有青鸳逐月，名动天下。	7314	90	9	0	-1	-1	-1	-1	-1	-1	-1	-1	-1	-1	-1	-1	-1	-1	-1	-1	-1	-1	-1	-1	-1	-1	-1	-1	-1	-1	-1	-1	-1	-1	-1	-1	-1	-1	-1	-1	-1	-1	-1	-1	-1	-1	-1	-1	-1	-1	-1	-1	-1	-1	-1	-1	-1	-1	-1	-1	-1	-1	-1	-1	30	-1	30	-1	-1	-1	Shoes1_3	鞋
10111041	1	1	11	41	4	174	1	41	4	朱雀靴	87	红色靴子，为南方朱雀所守护，万物不侵，法力无边。	7364	100	10	0	-1	-1	-1	-1	-1	-1	-1	-1	-1	-1	-1	-1	-1	-1	-1	-1	-1	-1	-1	-1	-1	-1	-1	-1	-1	-1	-1	-1	-1	-1	-1	-1	-1	-1	-1	-1	-1	-1	-1	-1	-1	-1	-1	-1	-1	-1	-1	-1	-1	-1	-1	-1	-1	-1	-1	-1	-1	-1	-1	-1	32	-1	32	-1	-1	-1	Shoes2_6	鞋
10111042	1	1	11	42	4	175	1	42	4	玄武靴	87	黑色靴子，为北方玄武所守护，万物不侵，法力无边。	7364	100	10	0	-1	-1	-1	-1	-1	-1	-1	-1	-1	-1	-1	-1	-1	-1	-1	-1	-1	-1	-1	-1	-1	-1	-1	-1	-1	-1	-1	-1	-1	-1	-1	-1	-1	-1	-1	-1	-1	-1	-1	-1	-1	-1	-1	-1	-1	-1	-1	-1	-1	-1	-1	-1	-1	-1	-1	-1	-1	-1	-1	-1	32	-1	32	-1	-1	-1	Shoes2_2	鞋
10111043	1	1	11	43	4	176	1	43	4	白虎靴	87	白色靴子，为西方白虎所守护，万物不侵，法力无边。	7364	100	10	0	-1	-1	-1	-1	-1	-1	-1	-1	-1	-1	-1	-1	-1	-1	-1	-1	-1	-1	-1	-1	-1	-1	-1	-1	-1	-1	-1	-1	-1	-1	-1	-1	-1	-1	-1	-1	-1	-1	-1	-1	-1	-1	-1	-1	-1	-1	-1	-1	-1	-1	-1	-1	-1	-1	-1	-1	-1	-1	-1	-1	32	-1	32	-1	-1	-1	Shoes1_2	鞋
10111044	1	1	11	44	4	177	1	44	4	青龙靴	87	青色靴子，为东方青龙所守护，万物不侵，法力无边。	7364	100	10	0	-1	-1	-1	-1	-1	-1	-1	-1	-1	-1	-1	-1	-1	-1	-1	-1	-1	-1	-1	-1	-1	-1	-1	-1	-1	-1	-1	-1	-1	-1	-1	-1	-1	-1	-1	-1	-1	-1	-1	-1	-1	-1	-1	-1	-1	-1	-1	-1	-1	-1	-1	-1	-1	-1	-1	-1	-1	-1	-1	-1	32	-1	32	-1	-1	-1	Shoes2_12	鞋
10111045	1	1	11	45	4	178	1	45	4	圣灵战靴	92	女娲补天时用的五彩石矶所造，吸收日月精华，赋有无穷灵力。	10246	100	10	0	-1	-1	-1	-1	-1	-1	-1	-1	-1	-1	-1	-1	-1	-1	-1	-1	-1	-1	-1	-1	-1	-1	-1	-1	-1	-1	-1	-1	-1	-1	-1	-1	-1	-1	-1	-1	-1	-1	-1	-1	-1	-1	-1	-1	-1	-1	-1	-1	-1	-1	-1	-1	-1	-1	-1	-1	-1	-1	-1	-1	35	-1	35	-1	-1	-1	Shoes2_10	鞋
10111046	1	1	11	46	4	179	1	46	4	幽冥魔靴	92	来自冥间，地狱之火烧练而成，怨气浓重，魔性强大。	10246	100	10	0	-1	-1	-1	-1	-1	-1	-1	-1	-1	-1	-1	-1	-1	-1	-1	-1	-1	-1	-1	-1	-1	-1	-1	-1	-1	-1	-1	-1	-1	-1	-1	-1	-1	-1	-1	-1	-1	-1	-1	-1	-1	-1	-1	-1	-1	-1	-1	-1	-1	-1	-1	-1	-1	-1	-1	-1	-1	-1	-1	-1	35	-1	35	-1	-1	-1	Shoes1_5	鞋
10111047	1	1	11	47	4	176	1	47	4	怜悯之靴	92	佛家最为贵重的物品，可与使用者相互感应。	10246	100	10	0	-1	-1	-1	-1	-1	-1	-1	-1	-1	-1	-1	-1	-1	-1	-1	-1	-1	-1	-1	-1	-1	-1	-1	-1	-1	-1	-1	-1	-1	-1	-1	-1	-1	-1	-1	-1	-1	-1	-1	-1	-1	-1	-1	-1	-1	-1	-1	-1	-1	-1	-1	-1	-1	-1	-1	-1	-1	-1	-1	-1	35	-1	35	-1	-1	-1	Shoes1_8	鞋
10111048	1	1	11	48	4	153	1	48	4	霓云羽靴	97	据说是九天仙女为大地祈福跳舞时所用，是可遇不可求的极品。	10296	100	10	0	-1	-1	-1	-1	-1	-1	-1	-1	-1	-1	-1	-1	-1	-1	-1	-1	-1	-1	-1	-1	-1	-1	-1	-1	-1	-1	-1	-1	-1	-1	-1	-1	-1	-1	-1	-1	-1	-1	-1	-1	-1	-1	-1	-1	-1	-1	-1	-1	-1	-1	-1	-1	-1	-1	-1	-1	-1	-1	-1	-1	37	-1	37	-1	-1	-1	Shoes2_8	鞋
10111049	1	1	11	49	4	180	1	49	4	九宝天靴	97	上有九宝华文，受到天地精华的凝炼，灵气异常。	10296	100	10	0	-1	-1	-1	-1	-1	-1	-1	-1	-1	-1	-1	-1	-1	-1	-1	-1	-1	-1	-1	-1	-1	-1	-1	-1	-1	-1	-1	-1	-1	-1	-1	-1	-1	-1	-1	-1	-1	-1	-1	-1	-1	-1	-1	-1	-1	-1	-1	-1	-1	-1	-1	-1	-1	-1	-1	-1	-1	-1	-1	-1	37	-1	37	-1	-1	-1	Shoes1_2	鞋
10111050	1	1	11	50	4	168	1	50	4	归元神靴	97	上古神物，生于天地混沌之时，有凝神归元，起死回生之用。	10296	100	10	0	-1	-1	-1	-1	-1	-1	-1	-1	-1	-1	-1	-1	-1	-1	-1	-1	-1	-1	-1	-1	-1	-1	-1	-1	-1	-1	-1	-1	-1	-1	-1	-1	-1	-1	-1	-1	-1	-1	-1	-1	-1	-1	-1	-1	-1	-1	-1	-1	-1	-1	-1	-1	-1	-1	-1	-1	-1	-1	-1	-1	37	-1	37	-1	-1	-1	Shoes2_9	鞋
10112000	1	1	12	0	3	61	1	0	4	新手护腕	1	1级标准。	4	60	6	0	-1	-1	-1	-1	-1	-1	-1	-1	-1	-1	-1	-1	-1	-1	-1	-1	-1	-1	-1	-1	-1	-1	-1	-1	-1	-1	-1	-1	-1	-1	-1	-1	-1	-1	-1	-1	-1	-1	-1	-1	-1	-1	-1	-1	-1	-1	-1	-1	-1	-1	-1	-1	-1	-1	-1	-1	-1	-1	-1	-1	1	-1	1	-1	-1	-1	Cuff1_1	护腕
10112001	1	1	12	1	3	61	1	1	4	粗布护腕	6	粗布做的护腕，适合初入江湖者使用。	620	60	6	0	-1	-1	-1	-1	-1	-1	-1	-1	-1	-1	-1	-1	-1	-1	-1	-1	-1	-1	-1	-1	-1	-1	-1	-1	-1	-1	-1	-1	-1	-1	-1	-1	-1	-1	-1	-1	-1	-1	-1	-1	-1	-1	-1	-1	-1	-1	-1	-1	-1	-1	-1	-1	-1	-1	-1	-1	-1	-1	-1	-1	2	-1	2	-1	-1	-1	Cuff1_12	护腕
10112002	1	1	12	2	3	61	1	2	4	麻布护腕	6	麻布做的护腕，适合初入江湖者使用。	620	60	6	0	-1	-1	-1	-1	-1	-1	-1	-1	-1	-1	-1	-1	-1	-1	-1	-1	-1	-1	-1	-1	-1	-1	-1	-1	-1	-1	-1	-1	-1	-1	-1	-1	-1	-1	-1	-1	-1	-1	-1	-1	-1	-1	-1	-1	-1	-1	-1	-1	-1	-1	-1	-1	-1	-1	-1	-1	-1	-1	-1	-1	2	-1	2	-1	-1	-1	Cuff1_12	护腕
10112003	1	1	12	3	3	61	1	3	4	棉布护腕	6	棉布做的护腕，适合初入江湖者使用。	620	60	6	0	-1	-1	-1	-1	-1	-1	-1	-1	-1	-1	-1	-1	-1	-1	-1	-1	-1	-1	-1	-1	-1	-1	-1	-1	-1	-1	-1	-1	-1	-1	-1	-1	-1	-1	-1	-1	-1	-1	-1	-1	-1	-1	-1	-1	-1	-1	-1	-1	-1	-1	-1	-1	-1	-1	-1	-1	-1	-1	-1	-1	2	-1	2	-1	-1	-1	Cuff1_12	护腕
10112004	1	1	12	4	3	64	1	4	4	纱绒护腕	16	纱绒做的护腕，精致无比，华美舒适。	725	60	6	0	-1	-1	-1	-1	-1	-1	-1	-1	-1	-1	-1	-1	-1	-1	-1	-1	-1	-1	-1	-1	-1	-1	-1	-1	-1	-1	-1	-1	-1	-1	-1	-1	-1	-1	-1	-1	-1	-1	-1	-1	-1	-1	-1	-1	-1	-1	-1	-1	-1	-1	-1	-1	-1	-1	-1	-1	-1	-1	-1	-1	5	-1	5	-1	-1	-1	Cuff1_2	护腕
10112005	1	1	12	5	3	64	1	5	4	绢丝护腕	16	绢丝做的护腕，精致无比，华美舒适。	725	60	6	0	-1	-1	-1	-1	-1	-1	-1	-1	-1	-1	-1	-1	-1	-1	-1	-1	-1	-1	-1	-1	-1	-1	-1	-1	-1	-1	-1	-1	-1	-1	-1	-1	-1	-1	-1	-1	-1	-1	-1	-1	-1	-1	-1	-1	-1	-1	-1	-1	-1	-1	-1	-1	-1	-1	-1	-1	-1	-1	-1	-1	5	-1	5	-1	-1	-1	Cuff1_2	护腕
10112006	1	1	12	6	3	66	1	6	4	锦帛护腕	26	锦帛做的护腕，美轮美奂，典雅华贵。	880	70	7	0	-1	-1	-1	-1	-1	-1	-1	-1	-1	-1	-1	-1	-1	-1	-1	-1	-1	-1	-1	-1	-1	-1	-1	-1	-1	-1	-1	-1	-1	-1	-1	-1	-1	-1	-1	-1	-1	-1	-1	-1	-1	-1	-1	-1	-1	-1	-1	-1	-1	-1	-1	-1	-1	-1	-1	-1	-1	-1	-1	-1	8	-1	8	-1	-1	-1	Cuff1_6	护腕
10112007	1	1	12	7	3	66	1	7	4	丝绸护腕	26	绸缎做的护腕，美轮美奂，典雅华贵。	880	70	7	0	-1	-1	-1	-1	-1	-1	-1	-1	-1	-1	-1	-1	-1	-1	-1	-1	-1	-1	-1	-1	-1	-1	-1	-1	-1	-1	-1	-1	-1	-1	-1	-1	-1	-1	-1	-1	-1	-1	-1	-1	-1	-1	-1	-1	-1	-1	-1	-1	-1	-1	-1	-1	-1	-1	-1	-1	-1	-1	-1	-1	8	-1	8	-1	-1	-1	Cuff1_6	护腕
10112008	1	1	12	8	3	66	1	8	4	绫罗护腕	26	绫罗做的护腕，美轮美奂，典雅华贵。	880	70	7	0	-1	-1	-1	-1	-1	-1	-1	-1	-1	-1	-1	-1	-1	-1	-1	-1	-1	-1	-1	-1	-1	-1	-1	-1	-1	-1	-1	-1	-1	-1	-1	-1	-1	-1	-1	-1	-1	-1	-1	-1	-1	-1	-1	-1	-1	-1	-1	-1	-1	-1	-1	-1	-1	-1	-1	-1	-1	-1	-1	-1	8	-1	8	-1	-1	-1	Cuff1_6	护腕
10112009	1	1	12	9	3	70	1	9	4	狼牙护腕	36	镶有狼牙的护腕，初露锋芒，坚固有力。	1080	70	7	0	-1	-1	-1	-1	-1	-1	-1	-1	-1	-1	-1	-1	-1	-1	-1	-1	-1	-1	-1	-1	-1	-1	-1	-1	-1	-1	-1	-1	-1	-1	-1	-1	-1	-1	-1	-1	-1	-1	-1	-1	-1	-1	-1	-1	-1	-1	-1	-1	-1	-1	-1	-1	-1	-1	-1	-1	-1	-1	-1	-1	11	-1	11	-1	-1	-1	Cuff1_15	护腕
10112010	1	1	12	10	3	70	1	10	4	狼爪护腕	36	镶有狼爪的护腕，初露锋芒，坚固有力。	1080	70	7	0	-1	-1	-1	-1	-1	-1	-1	-1	-1	-1	-1	-1	-1	-1	-1	-1	-1	-1	-1	-1	-1	-1	-1	-1	-1	-1	-1	-1	-1	-1	-1	-1	-1	-1	-1	-1	-1	-1	-1	-1	-1	-1	-1	-1	-1	-1	-1	-1	-1	-1	-1	-1	-1	-1	-1	-1	-1	-1	-1	-1	11	-1	11	-1	-1	-1	Cuff1_15	护腕
10112011	1	1	12	11	3	70	1	11	4	狼皮护腕	36	狼皮做的护腕，初露锋芒，坚固有力。	1080	70	7	0	-1	-1	-1	-1	-1	-1	-1	-1	-1	-1	-1	-1	-1	-1	-1	-1	-1	-1	-1	-1	-1	-1	-1	-1	-1	-1	-1	-1	-1	-1	-1	-1	-1	-1	-1	-1	-1	-1	-1	-1	-1	-1	-1	-1	-1	-1	-1	-1	-1	-1	-1	-1	-1	-1	-1	-1	-1	-1	-1	-1	11	-1	11	-1	-1	-1	Cuff1_15	护腕
10112012	1	1	12	12	3	73	1	12	4	虎牙护腕	46	镶有虎牙的护腕，锋芒毕露，霸气十足。	1355	80	8	0	-1	-1	-1	-1	-1	-1	-1	-1	-1	-1	-1	-1	-1	-1	-1	-1	-1	-1	-1	-1	-1	-1	-1	-1	-1	-1	-1	-1	-1	-1	-1	-1	-1	-1	-1	-1	-1	-1	-1	-1	-1	-1	-1	-1	-1	-1	-1	-1	-1	-1	-1	-1	-1	-1	-1	-1	-1	-1	-1	-1	14	-1	14	-1	-1	-1	Cuff1_16	护腕
10112013	1	1	12	13	3	73	1	13	4	虎爪护腕	46	镶有虎爪的护腕，锋芒毕露，霸气十足。	1355	80	8	0	-1	-1	-1	-1	-1	-1	-1	-1	-1	-1	-1	-1	-1	-1	-1	-1	-1	-1	-1	-1	-1	-1	-1	-1	-1	-1	-1	-1	-1	-1	-1	-1	-1	-1	-1	-1	-1	-1	-1	-1	-1	-1	-1	-1	-1	-1	-1	-1	-1	-1	-1	-1	-1	-1	-1	-1	-1	-1	-1	-1	14	-1	14	-1	-1	-1	Cuff1_16	护腕
10112014	1	1	12	14	3	73	1	14	4	虎皮护腕	46	虎皮做的护腕，锋芒毕露，霸气十足。	1355	80	8	0	-1	-1	-1	-1	-1	-1	-1	-1	-1	-1	-1	-1	-1	-1	-1	-1	-1	-1	-1	-1	-1	-1	-1	-1	-1	-1	-1	-1	-1	-1	-1	-1	-1	-1	-1	-1	-1	-1	-1	-1	-1	-1	-1	-1	-1	-1	-1	-1	-1	-1	-1	-1	-1	-1	-1	-1	-1	-1	-1	-1	14	-1	14	-1	-1	-1	Cuff1_16	护腕
10112015	1	1	12	15	3	70	1	15	4	蛟龙护腕	56	蛟龙皮和银丝线合制而成，触感柔软，有很强的防御能力。	2195	80	8	0	-1	-1	-1	-1	-1	-1	-1	-1	-1	-1	-1	-1	-1	-1	-1	-1	-1	-1	-1	-1	-1	-1	-1	-1	-1	-1	-1	-1	-1	-1	-1	-1	-1	-1	-1	-1	-1	-1	-1	-1	-1	-1	-1	-1	-1	-1	-1	-1	-1	-1	-1	-1	-1	-1	-1	-1	-1	-1	-1	-1	18	-1	18	-1	-1	-1	Cuff1_13	护腕
10112016	1	1	12	16	3	65	1	16	4	乌蚕护腕	56	乌蚕丝和银丝线合制而成，触感柔软，有很强的防御能力。	2195	80	8	0	-1	-1	-1	-1	-1	-1	-1	-1	-1	-1	-1	-1	-1	-1	-1	-1	-1	-1	-1	-1	-1	-1	-1	-1	-1	-1	-1	-1	-1	-1	-1	-1	-1	-1	-1	-1	-1	-1	-1	-1	-1	-1	-1	-1	-1	-1	-1	-1	-1	-1	-1	-1	-1	-1	-1	-1	-1	-1	-1	-1	18	-1	18	-1	-1	-1	Cuff1_10	护腕
10112017	1	1	12	17	3	64	1	17	4	苍蟒护腕	56	蟒蛇皮和银丝线合制而成，触感柔软，有很强的防御能力。	2195	80	8	0	-1	-1	-1	-1	-1	-1	-1	-1	-1	-1	-1	-1	-1	-1	-1	-1	-1	-1	-1	-1	-1	-1	-1	-1	-1	-1	-1	-1	-1	-1	-1	-1	-1	-1	-1	-1	-1	-1	-1	-1	-1	-1	-1	-1	-1	-1	-1	-1	-1	-1	-1	-1	-1	-1	-1	-1	-1	-1	-1	-1	18	-1	18	-1	-1	-1	Cuff1_6	护腕
10112018	1	1	12	18	3	63	1	18	4	天枢护腕	66	腕身绘有天枢星图，玄妙无比。	3525	90	9	0	-1	-1	-1	-1	-1	-1	-1	-1	-1	-1	-1	-1	-1	-1	-1	-1	-1	-1	-1	-1	-1	-1	-1	-1	-1	-1	-1	-1	-1	-1	-1	-1	-1	-1	-1	-1	-1	-1	-1	-1	-1	-1	-1	-1	-1	-1	-1	-1	-1	-1	-1	-1	-1	-1	-1	-1	-1	-1	-1	-1	23	-1	23	-1	-1	-1	Cuff2_2	护腕
10112019	1	1	12	19	3	62	1	19	4	天玑护腕	66	腕身绘有天玑星图，玄妙无比。	3525	90	9	0	-1	-1	-1	-1	-1	-1	-1	-1	-1	-1	-1	-1	-1	-1	-1	-1	-1	-1	-1	-1	-1	-1	-1	-1	-1	-1	-1	-1	-1	-1	-1	-1	-1	-1	-1	-1	-1	-1	-1	-1	-1	-1	-1	-1	-1	-1	-1	-1	-1	-1	-1	-1	-1	-1	-1	-1	-1	-1	-1	-1	23	-1	23	-1	-1	-1	Cuff1_7	护腕
10112020	1	1	12	20	3	67	1	20	4	天璇护腕	66	腕身绘有天璇星图，玄妙无比。	3525	90	9	0	-1	-1	-1	-1	-1	-1	-1	-1	-1	-1	-1	-1	-1	-1	-1	-1	-1	-1	-1	-1	-1	-1	-1	-1	-1	-1	-1	-1	-1	-1	-1	-1	-1	-1	-1	-1	-1	-1	-1	-1	-1	-1	-1	-1	-1	-1	-1	-1	-1	-1	-1	-1	-1	-1	-1	-1	-1	-1	-1	-1	23	-1	23	-1	-1	-1	Cuff1_9	护腕
10112021	1	1	12	21	3	70	1	21	4	天权护腕	66	腕身绘有天权星图，玄妙无比。	3525	90	9	0	-1	-1	-1	-1	-1	-1	-1	-1	-1	-1	-1	-1	-1	-1	-1	-1	-1	-1	-1	-1	-1	-1	-1	-1	-1	-1	-1	-1	-1	-1	-1	-1	-1	-1	-1	-1	-1	-1	-1	-1	-1	-1	-1	-1	-1	-1	-1	-1	-1	-1	-1	-1	-1	-1	-1	-1	-1	-1	-1	-1	23	-1	23	-1	-1	-1	Cuff1_16	护腕
10112022	1	1	12	22	3	69	1	22	4	瑶光护腕	66	腕身绘有瑶光星图，玄妙无比。	3525	90	9	0	-1	-1	-1	-1	-1	-1	-1	-1	-1	-1	-1	-1	-1	-1	-1	-1	-1	-1	-1	-1	-1	-1	-1	-1	-1	-1	-1	-1	-1	-1	-1	-1	-1	-1	-1	-1	-1	-1	-1	-1	-1	-1	-1	-1	-1	-1	-1	-1	-1	-1	-1	-1	-1	-1	-1	-1	-1	-1	-1	-1	23	-1	23	-1	-1	-1	Cuff1_14	护腕
10112023	1	1	12	23	3	72	1	23	4	开阳护腕	66	腕身绘有开阳星图，玄妙无比。	3525	90	9	0	-1	-1	-1	-1	-1	-1	-1	-1	-1	-1	-1	-1	-1	-1	-1	-1	-1	-1	-1	-1	-1	-1	-1	-1	-1	-1	-1	-1	-1	-1	-1	-1	-1	-1	-1	-1	-1	-1	-1	-1	-1	-1	-1	-1	-1	-1	-1	-1	-1	-1	-1	-1	-1	-1	-1	-1	-1	-1	-1	-1	23	-1	23	-1	-1	-1	Cuff1_15	护腕
10112024	1	1	12	24	3	68	1	24	4	贪狼护腕	73	传为贪狼星君所造，仙气环绕，光彩夺目。	5460	90	9	0	-1	-1	-1	-1	-1	-1	-1	-1	-1	-1	-1	-1	-1	-1	-1	-1	-1	-1	-1	-1	-1	-1	-1	-1	-1	-1	-1	-1	-1	-1	-1	-1	-1	-1	-1	-1	-1	-1	-1	-1	-1	-1	-1	-1	-1	-1	-1	-1	-1	-1	-1	-1	-1	-1	-1	-1	-1	-1	-1	-1	25	-1	25	-1	-1	-1	Cuff2_12	护腕
10112025	1	1	12	25	3	74	1	25	4	巨门护腕	73	传为巨门星君所造，仙气环绕，光彩夺目。	5460	90	9	0	-1	-1	-1	-1	-1	-1	-1	-1	-1	-1	-1	-1	-1	-1	-1	-1	-1	-1	-1	-1	-1	-1	-1	-1	-1	-1	-1	-1	-1	-1	-1	-1	-1	-1	-1	-1	-1	-1	-1	-1	-1	-1	-1	-1	-1	-1	-1	-1	-1	-1	-1	-1	-1	-1	-1	-1	-1	-1	-1	-1	25	-1	25	-1	-1	-1	Cuff2_13	护腕
10112026	1	1	12	26	3	77	1	26	4	禄存护腕	73	传为禄存星君所造，仙气环绕，光彩夺目。	5460	90	9	0	-1	-1	-1	-1	-1	-1	-1	-1	-1	-1	-1	-1	-1	-1	-1	-1	-1	-1	-1	-1	-1	-1	-1	-1	-1	-1	-1	-1	-1	-1	-1	-1	-1	-1	-1	-1	-1	-1	-1	-1	-1	-1	-1	-1	-1	-1	-1	-1	-1	-1	-1	-1	-1	-1	-1	-1	-1	-1	-1	-1	25	-1	25	-1	-1	-1	Cuff2_11	护腕
10112027	1	1	12	27	3	75	1	27	4	文曲护腕	73	传为文曲星君所造，仙气环绕，光彩夺目。	5460	90	9	0	-1	-1	-1	-1	-1	-1	-1	-1	-1	-1	-1	-1	-1	-1	-1	-1	-1	-1	-1	-1	-1	-1	-1	-1	-1	-1	-1	-1	-1	-1	-1	-1	-1	-1	-1	-1	-1	-1	-1	-1	-1	-1	-1	-1	-1	-1	-1	-1	-1	-1	-1	-1	-1	-1	-1	-1	-1	-1	-1	-1	25	-1	25	-1	-1	-1	Cuff2_10	护腕
10112028	1	1	12	28	3	71	1	28	4	破军护腕	73	传为破军星君所造，仙气环绕，光彩夺目。	5460	90	9	0	-1	-1	-1	-1	-1	-1	-1	-1	-1	-1	-1	-1	-1	-1	-1	-1	-1	-1	-1	-1	-1	-1	-1	-1	-1	-1	-1	-1	-1	-1	-1	-1	-1	-1	-1	-1	-1	-1	-1	-1	-1	-1	-1	-1	-1	-1	-1	-1	-1	-1	-1	-1	-1	-1	-1	-1	-1	-1	-1	-1	25	-1	25	-1	-1	-1	Cuff2_2	护腕
10112029	1	1	12	29	3	72	1	29	4	武曲护腕	73	传为武曲星君所造，仙气环绕，光彩夺目。	5460	90	9	0	-1	-1	-1	-1	-1	-1	-1	-1	-1	-1	-1	-1	-1	-1	-1	-1	-1	-1	-1	-1	-1	-1	-1	-1	-1	-1	-1	-1	-1	-1	-1	-1	-1	-1	-1	-1	-1	-1	-1	-1	-1	-1	-1	-1	-1	-1	-1	-1	-1	-1	-1	-1	-1	-1	-1	-1	-1	-1	-1	-1	25	-1	25	-1	-1	-1	Cuff1_11	护腕
10112030	1	1	12	30	3	76	1	30	4	如来护腕	78	如来佛祖遗落世间的护腕，经文护体，刀枪不入。	5460	90	9	0	-1	-1	-1	-1	-1	-1	-1	-1	-1	-1	-1	-1	-1	-1	-1	-1	-1	-1	-1	-1	-1	-1	-1	-1	-1	-1	-1	-1	-1	-1	-1	-1	-1	-1	-1	-1	-1	-1	-1	-1	-1	-1	-1	-1	-1	-1	-1	-1	-1	-1	-1	-1	-1	-1	-1	-1	-1	-1	-1	-1	28	-1	28	-1	-1	-1	Cuff1_7	护腕
10112031	1	1	12	31	3	80	1	31	4	龙女护腕	78	东海龙女遗落世间的护腕，经文护体，刀枪不入。	5460	90	9	0	-1	-1	-1	-1	-1	-1	-1	-1	-1	-1	-1	-1	-1	-1	-1	-1	-1	-1	-1	-1	-1	-1	-1	-1	-1	-1	-1	-1	-1	-1	-1	-1	-1	-1	-1	-1	-1	-1	-1	-1	-1	-1	-1	-1	-1	-1	-1	-1	-1	-1	-1	-1	-1	-1	-1	-1	-1	-1	-1	-1	28	-1	28	-1	-1	-1	Cuff2_1	护腕
10112032	1	1	12	32	3	78	1	32	4	圣武护腕	78	圣武真君遗落世间的护腕，经文护体，刀枪不入。	5460	90	9	0	-1	-1	-1	-1	-1	-1	-1	-1	-1	-1	-1	-1	-1	-1	-1	-1	-1	-1	-1	-1	-1	-1	-1	-1	-1	-1	-1	-1	-1	-1	-1	-1	-1	-1	-1	-1	-1	-1	-1	-1	-1	-1	-1	-1	-1	-1	-1	-1	-1	-1	-1	-1	-1	-1	-1	-1	-1	-1	-1	-1	28	-1	28	-1	-1	-1	Cuff2_11	护腕
10112033	1	1	12	33	3	86	1	33	4	达摩护腕	78	达摩祖师遗落世间的护腕，经文护体，刀枪不入。	5460	90	9	0	-1	-1	-1	-1	-1	-1	-1	-1	-1	-1	-1	-1	-1	-1	-1	-1	-1	-1	-1	-1	-1	-1	-1	-1	-1	-1	-1	-1	-1	-1	-1	-1	-1	-1	-1	-1	-1	-1	-1	-1	-1	-1	-1	-1	-1	-1	-1	-1	-1	-1	-1	-1	-1	-1	-1	-1	-1	-1	-1	-1	28	-1	28	-1	-1	-1	Cuff2_5	护腕
10112034	1	1	12	34	3	69	1	34	4	罗汉护腕	78	降龙罗汉遗落世间的护腕，经文护体，刀枪不入。	5460	90	9	0	-1	-1	-1	-1	-1	-1	-1	-1	-1	-1	-1	-1	-1	-1	-1	-1	-1	-1	-1	-1	-1	-1	-1	-1	-1	-1	-1	-1	-1	-1	-1	-1	-1	-1	-1	-1	-1	-1	-1	-1	-1	-1	-1	-1	-1	-1	-1	-1	-1	-1	-1	-1	-1	-1	-1	-1	-1	-1	-1	-1	28	-1	28	-1	-1	-1	Cuff1_9	护腕
10112035	1	1	12	35	3	77	1	35	4	喇嘛护腕	78	红袍喇嘛遗落世间的护腕，经文护体，刀枪不入。	5460	90	9	0	-1	-1	-1	-1	-1	-1	-1	-1	-1	-1	-1	-1	-1	-1	-1	-1	-1	-1	-1	-1	-1	-1	-1	-1	-1	-1	-1	-1	-1	-1	-1	-1	-1	-1	-1	-1	-1	-1	-1	-1	-1	-1	-1	-1	-1	-1	-1	-1	-1	-1	-1	-1	-1	-1	-1	-1	-1	-1	-1	-1	28	-1	28	-1	-1	-1	Cuff2_11	护腕
10112036	1	1	12	36	3	70	1	36	4	浮云护腕	83	不知为何物质制成，上有浮云千丈，名动天下。	8130	100	10	0	-1	-1	-1	-1	-1	-1	-1	-1	-1	-1	-1	-1	-1	-1	-1	-1	-1	-1	-1	-1	-1	-1	-1	-1	-1	-1	-1	-1	-1	-1	-1	-1	-1	-1	-1	-1	-1	-1	-1	-1	-1	-1	-1	-1	-1	-1	-1	-1	-1	-1	-1	-1	-1	-1	-1	-1	-1	-1	-1	-1	30	-1	30	-1	-1	-1	Cuff2_10	护腕
10112037	1	1	12	37	3	87	1	37	4	神行护腕	83	不知为何物质制成，上有龙翔万里，名动天下。	8130	100	10	0	-1	-1	-1	-1	-1	-1	-1	-1	-1	-1	-1	-1	-1	-1	-1	-1	-1	-1	-1	-1	-1	-1	-1	-1	-1	-1	-1	-1	-1	-1	-1	-1	-1	-1	-1	-1	-1	-1	-1	-1	-1	-1	-1	-1	-1	-1	-1	-1	-1	-1	-1	-1	-1	-1	-1	-1	-1	-1	-1	-1	30	-1	30	-1	-1	-1	Cuff1_5	护腕
10112038	1	1	12	38	3	83	1	38	4	踏风护腕	83	不知为何物质制成，上有大鹏展翅，名动天下。	8130	100	10	0	-1	-1	-1	-1	-1	-1	-1	-1	-1	-1	-1	-1	-1	-1	-1	-1	-1	-1	-1	-1	-1	-1	-1	-1	-1	-1	-1	-1	-1	-1	-1	-1	-1	-1	-1	-1	-1	-1	-1	-1	-1	-1	-1	-1	-1	-1	-1	-1	-1	-1	-1	-1	-1	-1	-1	-1	-1	-1	-1	-1	30	-1	30	-1	-1	-1	Cuff1_14	护腕
10112039	1	1	12	39	3	72	1	39	4	追日护腕	83	不知为何物质制成，上有凤凰追日，名动天下。	8130	100	10	0	-1	-1	-1	-1	-1	-1	-1	-1	-1	-1	-1	-1	-1	-1	-1	-1	-1	-1	-1	-1	-1	-1	-1	-1	-1	-1	-1	-1	-1	-1	-1	-1	-1	-1	-1	-1	-1	-1	-1	-1	-1	-1	-1	-1	-1	-1	-1	-1	-1	-1	-1	-1	-1	-1	-1	-1	-1	-1	-1	-1	30	-1	30	-1	-1	-1	Cuff1_4	护腕
10112040	1	1	12	40	3	68	1	40	4	逐月护腕	83	不知为何物质制成，上有青鸳逐月，名动天下。	8130	100	10	0	-1	-1	-1	-1	-1	-1	-1	-1	-1	-1	-1	-1	-1	-1	-1	-1	-1	-1	-1	-1	-1	-1	-1	-1	-1	-1	-1	-1	-1	-1	-1	-1	-1	-1	-1	-1	-1	-1	-1	-1	-1	-1	-1	-1	-1	-1	-1	-1	-1	-1	-1	-1	-1	-1	-1	-1	-1	-1	-1	-1	30	-1	30	-1	-1	-1	Cuff2_3	护腕
10112041	1	1	12	41	3	75	1	41	4	朱雀护腕	88	红色护腕，为南方朱雀所守护，万物不侵，法力无边。	8130	100	10	0	-1	-1	-1	-1	-1	-1	-1	-1	-1	-1	-1	-1	-1	-1	-1	-1	-1	-1	-1	-1	-1	-1	-1	-1	-1	-1	-1	-1	-1	-1	-1	-1	-1	-1	-1	-1	-1	-1	-1	-1	-1	-1	-1	-1	-1	-1	-1	-1	-1	-1	-1	-1	-1	-1	-1	-1	-1	-1	-1	-1	32	-1	32	-1	-1	-1	Cuff2_12	护腕
10112042	1	1	12	42	3	81	1	42	4	玄武护腕	88	黑色护腕，为北方玄武所守护，万物不侵，法力无边。	8130	100	10	0	-1	-1	-1	-1	-1	-1	-1	-1	-1	-1	-1	-1	-1	-1	-1	-1	-1	-1	-1	-1	-1	-1	-1	-1	-1	-1	-1	-1	-1	-1	-1	-1	-1	-1	-1	-1	-1	-1	-1	-1	-1	-1	-1	-1	-1	-1	-1	-1	-1	-1	-1	-1	-1	-1	-1	-1	-1	-1	-1	-1	32	-1	32	-1	-1	-1	Cuff2_2	护腕
10112043	1	1	12	43	3	82	1	43	4	白虎护腕	88	白色护腕，为西方白虎所守护，万物不侵，法力无边。	8130	100	10	0	-1	-1	-1	-1	-1	-1	-1	-1	-1	-1	-1	-1	-1	-1	-1	-1	-1	-1	-1	-1	-1	-1	-1	-1	-1	-1	-1	-1	-1	-1	-1	-1	-1	-1	-1	-1	-1	-1	-1	-1	-1	-1	-1	-1	-1	-1	-1	-1	-1	-1	-1	-1	-1	-1	-1	-1	-1	-1	-1	-1	32	-1	32	-1	-1	-1	Cuff2_13	护腕
10112044	1	1	12	44	3	84	1	44	4	青龙护腕	88	青色护腕，为东方青龙所守护，万物不侵，法力无边。	8130	100	10	0	-1	-1	-1	-1	-1	-1	-1	-1	-1	-1	-1	-1	-1	-1	-1	-1	-1	-1	-1	-1	-1	-1	-1	-1	-1	-1	-1	-1	-1	-1	-1	-1	-1	-1	-1	-1	-1	-1	-1	-1	-1	-1	-1	-1	-1	-1	-1	-1	-1	-1	-1	-1	-1	-1	-1	-1	-1	-1	-1	-1	32	-1	32	-1	-1	-1	Cuff1_3	护腕
10112045	1	1	12	45	3	86	1	45	4	圣灵之腕	93	女娲补天时用的五彩石矶所造，吸收日月精华，赋有无穷灵力。	11670	100	10	0	-1	-1	-1	-1	-1	-1	-1	-1	-1	-1	-1	-1	-1	-1	-1	-1	-1	-1	-1	-1	-1	-1	-1	-1	-1	-1	-1	-1	-1	-1	-1	-1	-1	-1	-1	-1	-1	-1	-1	-1	-1	-1	-1	-1	-1	-1	-1	-1	-1	-1	-1	-1	-1	-1	-1	-1	-1	-1	-1	-1	36	-1	36	-1	-1	-1	Cuff2_7	护腕
10112046	1	1	12	46	3	87	1	46	4	幽冥魔腕	93	来自冥间，地狱之火烧练而成，怨气浓重，魔性强大。	11670	100	10	0	-1	-1	-1	-1	-1	-1	-1	-1	-1	-1	-1	-1	-1	-1	-1	-1	-1	-1	-1	-1	-1	-1	-1	-1	-1	-1	-1	-1	-1	-1	-1	-1	-1	-1	-1	-1	-1	-1	-1	-1	-1	-1	-1	-1	-1	-1	-1	-1	-1	-1	-1	-1	-1	-1	-1	-1	-1	-1	-1	-1	36	-1	36	-1	-1	-1	Cuff2_4	护腕
10112047	1	1	12	47	3	83	1	47	4	怜悯之腕	93	佛家最为贵重的物品，可与使用者相互感应。	11670	100	10	0	-1	-1	-1	-1	-1	-1	-1	-1	-1	-1	-1	-1	-1	-1	-1	-1	-1	-1	-1	-1	-1	-1	-1	-1	-1	-1	-1	-1	-1	-1	-1	-1	-1	-1	-1	-1	-1	-1	-1	-1	-1	-1	-1	-1	-1	-1	-1	-1	-1	-1	-1	-1	-1	-1	-1	-1	-1	-1	-1	-1	36	-1	36	-1	-1	-1	Cuff2_3	护腕
10112048	1	1	12	48	3	85	1	48	4	霓云羽腕	98	据说是九天仙女为大地祈福跳舞时所用，是可遇不可求的极品。	11670	100	10	0	-1	-1	-1	-1	-1	-1	-1	-1	-1	-1	-1	-1	-1	-1	-1	-1	-1	-1	-1	-1	-1	-1	-1	-1	-1	-1	-1	-1	-1	-1	-1	-1	-1	-1	-1	-1	-1	-1	-1	-1	-1	-1	-1	-1	-1	-1	-1	-1	-1	-1	-1	-1	-1	-1	-1	-1	-1	-1	-1	-1	38	-1	38	-1	-1	-1	Cuff1_8	护腕
10112049	1	1	12	49	3	88	1	49	4	九宝天腕	98	上有九宝华文，受到天地精华的凝炼，灵气异常。	11670	100	10	0	-1	-1	-1	-1	-1	-1	-1	-1	-1	-1	-1	-1	-1	-1	-1	-1	-1	-1	-1	-1	-1	-1	-1	-1	-1	-1	-1	-1	-1	-1	-1	-1	-1	-1	-1	-1	-1	-1	-1	-1	-1	-1	-1	-1	-1	-1	-1	-1	-1	-1	-1	-1	-1	-1	-1	-1	-1	-1	-1	-1	38	-1	38	-1	-1	-1	Cuff1_13	护腕
10112050	1	1	12	50	3	90	1	50	4	归元神腕	98	上古神物，生于天地混沌之时，有凝神归元，起死回生之用。	11670	100	10	0	-1	-1	-1	-1	-1	-1	-1	-1	-1	-1	-1	-1	-1	-1	-1	-1	-1	-1	-1	-1	-1	-1	-1	-1	-1	-1	-1	-1	-1	-1	-1	-1	-1	-1	-1	-1	-1	-1	-1	-1	-1	-1	-1	-1	-1	-1	-1	-1	-1	-1	-1	-1	-1	-1	-1	-1	-1	-1	-1	-1	38	-1	38	-1	-1	-1	Cuff2_6	护腕
10113000	1	1	13	0	2	1	1	0	4	新手衣	1	1级标准。	4	60	6	0	-1	-1	-1	-1	-1	-1	-1	-1	-1	-1	-1	-1	-1	-1	-1	-1	-1	-1	-1	-1	-1	-1	-1	-1	-1	-1	-1	-1	-1	-1	-1	-1	-1	-1	-1	-1	-1	-1	-1	-1	-1	-1	-1	-1	-1	-1	-1	-1	-1	-1	-1	-1	-1	-1	-1	-1	-1	-1	-1	-1	1	-1	1	-1	-1	-1	Cloth1_1	衣服
10113001	1	1	13	1	2	20	1	1	4	粗布衣	8	粗布做的衣服，适合初入江湖者使用。	660	60	6	0	-1	-1	-1	-1	-1	-1	-1	-1	-1	-1	-1	-1	-1	-1	-1	-1	-1	-1	-1	-1	-1	-1	-1	-1	-1	-1	-1	-1	-1	-1	-1	-1	-1	-1	-1	-1	-1	-1	-1	-1	-1	-1	-1	-1	-1	-1	-1	-1	-1	-1	-1	-1	-1	-1	-1	-1	-1	-1	-1	-1	2	-1	2	-1	-1	-1	Cloth2_3	衣服
10113002	1	1	13	2	2	20	1	2	4	麻布衣	8	麻布做的衣服，适合初入江湖者使用。	660	60	6	0	-1	-1	-1	-1	-1	-1	-1	-1	-1	-1	-1	-1	-1	-1	-1	-1	-1	-1	-1	-1	-1	-1	-1	-1	-1	-1	-1	-1	-1	-1	-1	-1	-1	-1	-1	-1	-1	-1	-1	-1	-1	-1	-1	-1	-1	-1	-1	-1	-1	-1	-1	-1	-1	-1	-1	-1	-1	-1	-1	-1	2	-1	2	-1	-1	-1	Cloth2_3	衣服
10113003	1	1	13	3	2	20	1	3	4	棉布衣	8	棉布做的衣服，适合初入江湖者使用。	660	60	6	0	-1	-1	-1	-1	-1	-1	-1	-1	-1	-1	-1	-1	-1	-1	-1	-1	-1	-1	-1	-1	-1	-1	-1	-1	-1	-1	-1	-1	-1	-1	-1	-1	-1	-1	-1	-1	-1	-1	-1	-1	-1	-1	-1	-1	-1	-1	-1	-1	-1	-1	-1	-1	-1	-1	-1	-1	-1	-1	-1	-1	2	-1	2	-1	-1	-1	Cloth2_3	衣服
10113004	1	1	13	4	2	26	1	4	4	纱绒衣	18	纱绒做的衣服，精致无比，华美舒适。	965	60	6	0	-1	-1	-1	-1	-1	-1	-1	-1	-1	-1	-1	-1	-1	-1	-1	-1	-1	-1	-1	-1	-1	-1	-1	-1	-1	-1	-1	-1	-1	-1	-1	-1	-1	-1	-1	-1	-1	-1	-1	-1	-1	-1	-1	-1	-1	-1	-1	-1	-1	-1	-1	-1	-1	-1	-1	-1	-1	-1	-1	-1	6	-1	6	-1	-1	-1	Cloth2_9	衣服
10113005	1	1	13	5	2	26	1	5	4	绢丝衣	18	绢丝做的衣服，精致无比，华美舒适。	965	60	6	0	-1	-1	-1	-1	-1	-1	-1	-1	-1	-1	-1	-1	-1	-1	-1	-1	-1	-1	-1	-1	-1	-1	-1	-1	-1	-1	-1	-1	-1	-1	-1	-1	-1	-1	-1	-1	-1	-1	-1	-1	-1	-1	-1	-1	-1	-1	-1	-1	-1	-1	-1	-1	-1	-1	-1	-1	-1	-1	-1	-1	6	-1	6	-1	-1	-1	Cloth2_9	衣服
10113006	1	1	13	6	2	18	1	6	4	锦帛衣	28	锦帛做的衣服，美轮美奂，典雅华贵。	1320	70	7	0	-1	-1	-1	-1	-1	-1	-1	-1	-1	-1	-1	-1	-1	-1	-1	-1	-1	-1	-1	-1	-1	-1	-1	-1	-1	-1	-1	-1	-1	-1	-1	-1	-1	-1	-1	-1	-1	-1	-1	-1	-1	-1	-1	-1	-1	-1	-1	-1	-1	-1	-1	-1	-1	-1	-1	-1	-1	-1	-1	-1	8	-1	8	-1	-1	-1	Cloth2_14	衣服
10113007	1	1	13	7	2	18	1	7	4	丝绸衣	28	绸缎做的衣服，美轮美奂，典雅华贵。	1320	70	7	0	-1	-1	-1	-1	-1	-1	-1	-1	-1	-1	-1	-1	-1	-1	-1	-1	-1	-1	-1	-1	-1	-1	-1	-1	-1	-1	-1	-1	-1	-1	-1	-1	-1	-1	-1	-1	-1	-1	-1	-1	-1	-1	-1	-1	-1	-1	-1	-1	-1	-1	-1	-1	-1	-1	-1	-1	-1	-1	-1	-1	8	-1	8	-1	-1	-1	Cloth2_14	衣服
10113008	1	1	13	8	2	18	1	8	4	绫罗衣	28	绫罗做的衣服，美轮美奂，典雅华贵。	1320	70	7	0	-1	-1	-1	-1	-1	-1	-1	-1	-1	-1	-1	-1	-1	-1	-1	-1	-1	-1	-1	-1	-1	-1	-1	-1	-1	-1	-1	-1	-1	-1	-1	-1	-1	-1	-1	-1	-1	-1	-1	-1	-1	-1	-1	-1	-1	-1	-1	-1	-1	-1	-1	-1	-1	-1	-1	-1	-1	-1	-1	-1	8	-1	8	-1	-1	-1	Cloth2_14	衣服
10113009	1	1	13	9	2	3	1	9	4	狼牙衣	38	镶有狼牙的衣服，初露锋芒，坚固有力。	1720	70	7	0	-1	-1	-1	-1	-1	-1	-1	-1	-1	-1	-1	-1	-1	-1	-1	-1	-1	-1	-1	-1	-1	-1	-1	-1	-1	-1	-1	-1	-1	-1	-1	-1	-1	-1	-1	-1	-1	-1	-1	-1	-1	-1	-1	-1	-1	-1	-1	-1	-1	-1	-1	-1	-1	-1	-1	-1	-1	-1	-1	-1	12	-1	12	-1	-1	-1	Cloth1_1	衣服
10113010	1	1	13	10	2	3	1	10	4	狼爪衣	38	镶有狼爪的衣服，初露锋芒，坚固有力。	1720	70	7	0	-1	-1	-1	-1	-1	-1	-1	-1	-1	-1	-1	-1	-1	-1	-1	-1	-1	-1	-1	-1	-1	-1	-1	-1	-1	-1	-1	-1	-1	-1	-1	-1	-1	-1	-1	-1	-1	-1	-1	-1	-1	-1	-1	-1	-1	-1	-1	-1	-1	-1	-1	-1	-1	-1	-1	-1	-1	-1	-1	-1	12	-1	12	-1	-1	-1	Cloth1_1	衣服
10113011	1	1	13	11	2	3	1	11	4	狼皮衣	38	狼皮做的衣服，初露锋芒，坚固有力。	1720	70	7	0	-1	-1	-1	-1	-1	-1	-1	-1	-1	-1	-1	-1	-1	-1	-1	-1	-1	-1	-1	-1	-1	-1	-1	-1	-1	-1	-1	-1	-1	-1	-1	-1	-1	-1	-1	-1	-1	-1	-1	-1	-1	-1	-1	-1	-1	-1	-1	-1	-1	-1	-1	-1	-1	-1	-1	-1	-1	-1	-1	-1	12	-1	12	-1	-1	-1	Cloth1_1	衣服
10113012	1	1	13	12	2	22	1	12	4	虎牙衣	48	镶有虎牙的衣服，锋芒毕露，霸气十足。	2195	80	8	0	-1	-1	-1	-1	-1	-1	-1	-1	-1	-1	-1	-1	-1	-1	-1	-1	-1	-1	-1	-1	-1	-1	-1	-1	-1	-1	-1	-1	-1	-1	-1	-1	-1	-1	-1	-1	-1	-1	-1	-1	-1	-1	-1	-1	-1	-1	-1	-1	-1	-1	-1	-1	-1	-1	-1	-1	-1	-1	-1	-1	14	-1	14	-1	-1	-1	Cloth2_5	衣服
10113013	1	1	13	13	2	22	1	13	4	虎爪衣	48	镶有虎爪的衣服，锋芒毕露，霸气十足。	2195	80	8	0	-1	-1	-1	-1	-1	-1	-1	-1	-1	-1	-1	-1	-1	-1	-1	-1	-1	-1	-1	-1	-1	-1	-1	-1	-1	-1	-1	-1	-1	-1	-1	-1	-1	-1	-1	-1	-1	-1	-1	-1	-1	-1	-1	-1	-1	-1	-1	-1	-1	-1	-1	-1	-1	-1	-1	-1	-1	-1	-1	-1	14	-1	14	-1	-1	-1	Cloth2_5	衣服
10113014	1	1	13	14	2	22	1	14	4	虎皮衣	48	虎皮做的衣服，锋芒毕露，霸气十足。	2195	80	8	0	-1	-1	-1	-1	-1	-1	-1	-1	-1	-1	-1	-1	-1	-1	-1	-1	-1	-1	-1	-1	-1	-1	-1	-1	-1	-1	-1	-1	-1	-1	-1	-1	-1	-1	-1	-1	-1	-1	-1	-1	-1	-1	-1	-1	-1	-1	-1	-1	-1	-1	-1	-1	-1	-1	-1	-1	-1	-1	-1	-1	14	-1	14	-1	-1	-1	Cloth2_5	衣服
10113015	1	1	13	15	2	28	1	15	4	蛟龙衣	58	蛟龙皮和银丝线合制而成，触感柔软，有很强的防御能力。	3235	80	8	0	-1	-1	-1	-1	-1	-1	-1	-1	-1	-1	-1	-1	-1	-1	-1	-1	-1	-1	-1	-1	-1	-1	-1	-1	-1	-1	-1	-1	-1	-1	-1	-1	-1	-1	-1	-1	-1	-1	-1	-1	-1	-1	-1	-1	-1	-1	-1	-1	-1	-1	-1	-1	-1	-1	-1	-1	-1	-1	-1	-1	19	-1	19	-1	-1	-1	Cloth2_11	衣服
10113016	1	1	13	16	2	5	1	16	4	乌蚕衣	58	乌蚕丝和银丝线合制而成，触感柔软，有很强的防御能力。	3235	80	8	0	-1	-1	-1	-1	-1	-1	-1	-1	-1	-1	-1	-1	-1	-1	-1	-1	-1	-1	-1	-1	-1	-1	-1	-1	-1	-1	-1	-1	-1	-1	-1	-1	-1	-1	-1	-1	-1	-1	-1	-1	-1	-1	-1	-1	-1	-1	-1	-1	-1	-1	-1	-1	-1	-1	-1	-1	-1	-1	-1	-1	19	-1	19	-1	-1	-1	Cloth1_8	衣服
10113017	1	1	13	17	2	2	1	17	4	苍蟒衣	58	蟒蛇皮和银丝线合制而成，触感柔软，有很强的防御能力。	3235	80	8	0	-1	-1	-1	-1	-1	-1	-1	-1	-1	-1	-1	-1	-1	-1	-1	-1	-1	-1	-1	-1	-1	-1	-1	-1	-1	-1	-1	-1	-1	-1	-1	-1	-1	-1	-1	-1	-1	-1	-1	-1	-1	-1	-1	-1	-1	-1	-1	-1	-1	-1	-1	-1	-1	-1	-1	-1	-1	-1	-1	-1	19	-1	19	-1	-1	-1	Cloth1_6	衣服
10113018	1	1	13	18	2	7	1	18	4	天枢衣	68	衣身绘有天枢星图，玄妙无比。	4765	90	9	0	-1	-1	-1	-1	-1	-1	-1	-1	-1	-1	-1	-1	-1	-1	-1	-1	-1	-1	-1	-1	-1	-1	-1	-1	-1	-1	-1	-1	-1	-1	-1	-1	-1	-1	-1	-1	-1	-1	-1	-1	-1	-1	-1	-1	-1	-1	-1	-1	-1	-1	-1	-1	-1	-1	-1	-1	-1	-1	-1	-1	23	-1	23	-1	-1	-1	Cloth1_9	衣服
10113019	1	1	13	19	2	1	1	19	4	天玑衣	68	衣身绘有天玑星图，玄妙无比。	4765	90	9	0	-1	-1	-1	-1	-1	-1	-1	-1	-1	-1	-1	-1	-1	-1	-1	-1	-1	-1	-1	-1	-1	-1	-1	-1	-1	-1	-1	-1	-1	-1	-1	-1	-1	-1	-1	-1	-1	-1	-1	-1	-1	-1	-1	-1	-1	-1	-1	-1	-1	-1	-1	-1	-1	-1	-1	-1	-1	-1	-1	-1	23	-1	23	-1	-1	-1	Cloth1_14	衣服
10113020	1	1	13	20	2	15	1	20	4	天璇衣	68	衣身绘有天璇星图，玄妙无比。	4765	90	9	0	-1	-1	-1	-1	-1	-1	-1	-1	-1	-1	-1	-1	-1	-1	-1	-1	-1	-1	-1	-1	-1	-1	-1	-1	-1	-1	-1	-1	-1	-1	-1	-1	-1	-1	-1	-1	-1	-1	-1	-1	-1	-1	-1	-1	-1	-1	-1	-1	-1	-1	-1	-1	-1	-1	-1	-1	-1	-1	-1	-1	23	-1	23	-1	-1	-1	Cloth1_3	衣服
10113021	1	1	13	21	2	11	1	21	4	天权衣	68	衣身绘有天权星图，玄妙无比。	4765	90	9	0	-1	-1	-1	-1	-1	-1	-1	-1	-1	-1	-1	-1	-1	-1	-1	-1	-1	-1	-1	-1	-1	-1	-1	-1	-1	-1	-1	-1	-1	-1	-1	-1	-1	-1	-1	-1	-1	-1	-1	-1	-1	-1	-1	-1	-1	-1	-1	-1	-1	-1	-1	-1	-1	-1	-1	-1	-1	-1	-1	-1	23	-1	23	-1	-1	-1	Cloth2_13	衣服
10113022	1	1	13	22	2	13	1	22	4	瑶光衣	68	衣身绘有瑶光星图，玄妙无比。	4765	90	9	0	-1	-1	-1	-1	-1	-1	-1	-1	-1	-1	-1	-1	-1	-1	-1	-1	-1	-1	-1	-1	-1	-1	-1	-1	-1	-1	-1	-1	-1	-1	-1	-1	-1	-1	-1	-1	-1	-1	-1	-1	-1	-1	-1	-1	-1	-1	-1	-1	-1	-1	-1	-1	-1	-1	-1	-1	-1	-1	-1	-1	23	-1	23	-1	-1	-1	Cloth2_7	衣服
10113023	1	1	13	23	2	21	1	23	4	开阳衣	68	衣身绘有开阳星图，玄妙无比。	4765	90	9	0	-1	-1	-1	-1	-1	-1	-1	-1	-1	-1	-1	-1	-1	-1	-1	-1	-1	-1	-1	-1	-1	-1	-1	-1	-1	-1	-1	-1	-1	-1	-1	-1	-1	-1	-1	-1	-1	-1	-1	-1	-1	-1	-1	-1	-1	-1	-1	-1	-1	-1	-1	-1	-1	-1	-1	-1	-1	-1	-1	-1	23	-1	23	-1	-1	-1	Cloth2_4	衣服
10113024	1	1	13	24	2	22	1	24	4	贪狼衣	74	传为贪狼星君所造，仙气环绕，光彩夺目。	6880	90	9	0	-1	-1	-1	-1	-1	-1	-1	-1	-1	-1	-1	-1	-1	-1	-1	-1	-1	-1	-1	-1	-1	-1	-1	-1	-1	-1	-1	-1	-1	-1	-1	-1	-1	-1	-1	-1	-1	-1	-1	-1	-1	-1	-1	-1	-1	-1	-1	-1	-1	-1	-1	-1	-1	-1	-1	-1	-1	-1	-1	-1	26	-1	26	-1	-1	-1	Cloth2_11	衣服
10113025	1	1	13	25	2	24	1	25	4	巨门衣	74	传为巨门星君所造，仙气环绕，光彩夺目。	6880	90	9	0	-1	-1	-1	-1	-1	-1	-1	-1	-1	-1	-1	-1	-1	-1	-1	-1	-1	-1	-1	-1	-1	-1	-1	-1	-1	-1	-1	-1	-1	-1	-1	-1	-1	-1	-1	-1	-1	-1	-1	-1	-1	-1	-1	-1	-1	-1	-1	-1	-1	-1	-1	-1	-1	-1	-1	-1	-1	-1	-1	-1	26	-1	26	-1	-1	-1	Cloth2_1	衣服
10113026	1	1	13	26	2	10	1	26	4	禄存衣	74	传为禄存星君所造，仙气环绕，光彩夺目。	6880	90	9	0	-1	-1	-1	-1	-1	-1	-1	-1	-1	-1	-1	-1	-1	-1	-1	-1	-1	-1	-1	-1	-1	-1	-1	-1	-1	-1	-1	-1	-1	-1	-1	-1	-1	-1	-1	-1	-1	-1	-1	-1	-1	-1	-1	-1	-1	-1	-1	-1	-1	-1	-1	-1	-1	-1	-1	-1	-1	-1	-1	-1	26	-1	26	-1	-1	-1	Cloth2_6	衣服
10113027	1	1	13	27	2	2	1	27	4	文曲衣	74	传为文曲星君所造，仙气环绕，光彩夺目。	6880	90	9	0	-1	-1	-1	-1	-1	-1	-1	-1	-1	-1	-1	-1	-1	-1	-1	-1	-1	-1	-1	-1	-1	-1	-1	-1	-1	-1	-1	-1	-1	-1	-1	-1	-1	-1	-1	-1	-1	-1	-1	-1	-1	-1	-1	-1	-1	-1	-1	-1	-1	-1	-1	-1	-1	-1	-1	-1	-1	-1	-1	-1	26	-1	26	-1	-1	-1	Cloth1_6	衣服
10113028	1	1	13	28	2	14	1	28	4	破军衣	74	传为破军星君所造，仙气环绕，光彩夺目。	6880	90	9	0	-1	-1	-1	-1	-1	-1	-1	-1	-1	-1	-1	-1	-1	-1	-1	-1	-1	-1	-1	-1	-1	-1	-1	-1	-1	-1	-1	-1	-1	-1	-1	-1	-1	-1	-1	-1	-1	-1	-1	-1	-1	-1	-1	-1	-1	-1	-1	-1	-1	-1	-1	-1	-1	-1	-1	-1	-1	-1	-1	-1	26	-1	26	-1	-1	-1	Cloth1_2	衣服
10113029	1	1	13	29	2	11	1	29	4	武曲衣	74	传为武曲星君所造，仙气环绕，光彩夺目。	6880	90	9	0	-1	-1	-1	-1	-1	-1	-1	-1	-1	-1	-1	-1	-1	-1	-1	-1	-1	-1	-1	-1	-1	-1	-1	-1	-1	-1	-1	-1	-1	-1	-1	-1	-1	-1	-1	-1	-1	-1	-1	-1	-1	-1	-1	-1	-1	-1	-1	-1	-1	-1	-1	-1	-1	-1	-1	-1	-1	-1	-1	-1	26	-1	26	-1	-1	-1	Cloth1_5	衣服
10113030	1	1	13	30	2	1	1	30	4	如来衣	79	如来佛祖遗落世间的衣服，经文护体，刀枪不入。	6980	90	9	0	-1	-1	-1	-1	-1	-1	-1	-1	-1	-1	-1	-1	-1	-1	-1	-1	-1	-1	-1	-1	-1	-1	-1	-1	-1	-1	-1	-1	-1	-1	-1	-1	-1	-1	-1	-1	-1	-1	-1	-1	-1	-1	-1	-1	-1	-1	-1	-1	-1	-1	-1	-1	-1	-1	-1	-1	-1	-1	-1	-1	28	-1	28	-1	-1	-1	Cloth1_14	衣服
10113031	1	1	13	31	2	23	1	31	4	龙女衣	79	东海龙女遗落世间的衣服，经文护体，刀枪不入。	6980	90	9	0	-1	-1	-1	-1	-1	-1	-1	-1	-1	-1	-1	-1	-1	-1	-1	-1	-1	-1	-1	-1	-1	-1	-1	-1	-1	-1	-1	-1	-1	-1	-1	-1	-1	-1	-1	-1	-1	-1	-1	-1	-1	-1	-1	-1	-1	-1	-1	-1	-1	-1	-1	-1	-1	-1	-1	-1	-1	-1	-1	-1	28	-1	28	-1	-1	-1	Cloth1_12	衣服
10113032	1	1	13	32	2	6	1	32	4	圣武衣	79	圣武真君遗落世间的衣服，经文护体，刀枪不入。	6980	90	9	0	-1	-1	-1	-1	-1	-1	-1	-1	-1	-1	-1	-1	-1	-1	-1	-1	-1	-1	-1	-1	-1	-1	-1	-1	-1	-1	-1	-1	-1	-1	-1	-1	-1	-1	-1	-1	-1	-1	-1	-1	-1	-1	-1	-1	-1	-1	-1	-1	-1	-1	-1	-1	-1	-1	-1	-1	-1	-1	-1	-1	28	-1	28	-1	-1	-1	Cloth1_11	衣服
10113033	1	1	13	33	2	8	1	33	4	达摩衣	79	达摩祖师遗落世间的衣服，经文护体，刀枪不入。	6980	90	9	0	-1	-1	-1	-1	-1	-1	-1	-1	-1	-1	-1	-1	-1	-1	-1	-1	-1	-1	-1	-1	-1	-1	-1	-1	-1	-1	-1	-1	-1	-1	-1	-1	-1	-1	-1	-1	-1	-1	-1	-1	-1	-1	-1	-1	-1	-1	-1	-1	-1	-1	-1	-1	-1	-1	-1	-1	-1	-1	-1	-1	28	-1	28	-1	-1	-1	Cloth1_10	衣服
10113034	1	1	13	34	2	22	1	34	4	罗汉衣	79	降龙罗汉遗落世间的衣服，经文护体，刀枪不入。	6980	90	9	0	-1	-1	-1	-1	-1	-1	-1	-1	-1	-1	-1	-1	-1	-1	-1	-1	-1	-1	-1	-1	-1	-1	-1	-1	-1	-1	-1	-1	-1	-1	-1	-1	-1	-1	-1	-1	-1	-1	-1	-1	-1	-1	-1	-1	-1	-1	-1	-1	-1	-1	-1	-1	-1	-1	-1	-1	-1	-1	-1	-1	28	-1	28	-1	-1	-1	Cloth2_5	衣服
10113035	1	1	13	35	2	29	1	35	4	喇嘛衣	79	红袍喇嘛遗落世间的衣服，经文护体，刀枪不入。	6980	90	9	0	-1	-1	-1	-1	-1	-1	-1	-1	-1	-1	-1	-1	-1	-1	-1	-1	-1	-1	-1	-1	-1	-1	-1	-1	-1	-1	-1	-1	-1	-1	-1	-1	-1	-1	-1	-1	-1	-1	-1	-1	-1	-1	-1	-1	-1	-1	-1	-1	-1	-1	-1	-1	-1	-1	-1	-1	-1	-1	-1	-1	28	-1	28	-1	-1	-1	Cloth2_11	衣服
10113036	1	1	13	36	2	27	1	36	4	浮云甲	84	不知为何物质制成，上有浮云千丈，名动天下。	9750	100	10	0	-1	-1	-1	-1	-1	-1	-1	-1	-1	-1	-1	-1	-1	-1	-1	-1	-1	-1	-1	-1	-1	-1	-1	-1	-1	-1	-1	-1	-1	-1	-1	-1	-1	-1	-1	-1	-1	-1	-1	-1	-1	-1	-1	-1	-1	-1	-1	-1	-1	-1	-1	-1	-1	-1	-1	-1	-1	-1	-1	-1	31	-1	31	-1	-1	-1	Cloth1_7	衣服
10113037	1	1	13	37	2	14	1	37	4	神行甲	84	不知为何物质制成，上有龙翔万里，名动天下。	9750	100	10	0	-1	-1	-1	-1	-1	-1	-1	-1	-1	-1	-1	-1	-1	-1	-1	-1	-1	-1	-1	-1	-1	-1	-1	-1	-1	-1	-1	-1	-1	-1	-1	-1	-1	-1	-1	-1	-1	-1	-1	-1	-1	-1	-1	-1	-1	-1	-1	-1	-1	-1	-1	-1	-1	-1	-1	-1	-1	-1	-1	-1	31	-1	31	-1	-1	-1	Cloth1_2	衣服
10113038	1	1	13	38	2	5	1	38	4	踏风甲	84	不知为何物质制成，上有大鹏展翅，名动天下。	9750	100	10	0	-1	-1	-1	-1	-1	-1	-1	-1	-1	-1	-1	-1	-1	-1	-1	-1	-1	-1	-1	-1	-1	-1	-1	-1	-1	-1	-1	-1	-1	-1	-1	-1	-1	-1	-1	-1	-1	-1	-1	-1	-1	-1	-1	-1	-1	-1	-1	-1	-1	-1	-1	-1	-1	-1	-1	-1	-1	-1	-1	-1	31	-1	31	-1	-1	-1	Cloth1_8	衣服
10113039	1	1	13	39	2	15	1	39	4	追日甲	84	不知为何物质制成，上有凤凰追日，名动天下。	9750	100	10	0	-1	-1	-1	-1	-1	-1	-1	-1	-1	-1	-1	-1	-1	-1	-1	-1	-1	-1	-1	-1	-1	-1	-1	-1	-1	-1	-1	-1	-1	-1	-1	-1	-1	-1	-1	-1	-1	-1	-1	-1	-1	-1	-1	-1	-1	-1	-1	-1	-1	-1	-1	-1	-1	-1	-1	-1	-1	-1	-1	-1	31	-1	31	-1	-1	-1	Cloth1_3	衣服
10113040	1	1	13	40	2	11	1	40	4	逐月甲	84	不知为何物质制成，上有青鸳逐月，名动天下。	9750	100	10	0	-1	-1	-1	-1	-1	-1	-1	-1	-1	-1	-1	-1	-1	-1	-1	-1	-1	-1	-1	-1	-1	-1	-1	-1	-1	-1	-1	-1	-1	-1	-1	-1	-1	-1	-1	-1	-1	-1	-1	-1	-1	-1	-1	-1	-1	-1	-1	-1	-1	-1	-1	-1	-1	-1	-1	-1	-1	-1	-1	-1	31	-1	31	-1	-1	-1	Cloth2_13	衣服
10113041	1	1	13	41	2	13	1	41	4	朱雀铠甲	89	红色铠甲，为南方朱雀所守护，万物不侵，法力无边。	9850	100	10	0	-1	-1	-1	-1	-1	-1	-1	-1	-1	-1	-1	-1	-1	-1	-1	-1	-1	-1	-1	-1	-1	-1	-1	-1	-1	-1	-1	-1	-1	-1	-1	-1	-1	-1	-1	-1	-1	-1	-1	-1	-1	-1	-1	-1	-1	-1	-1	-1	-1	-1	-1	-1	-1	-1	-1	-1	-1	-1	-1	-1	33	-1	33	-1	-1	-1	Cloth2_7	衣服
10113042	1	1	13	42	2	7	1	42	4	玄武铠甲	89	黑色铠甲，为北方玄武所守护，万物不侵，法力无边。	9850	100	10	0	-1	-1	-1	-1	-1	-1	-1	-1	-1	-1	-1	-1	-1	-1	-1	-1	-1	-1	-1	-1	-1	-1	-1	-1	-1	-1	-1	-1	-1	-1	-1	-1	-1	-1	-1	-1	-1	-1	-1	-1	-1	-1	-1	-1	-1	-1	-1	-1	-1	-1	-1	-1	-1	-1	-1	-1	-1	-1	-1	-1	33	-1	33	-1	-1	-1	Cloth1_9	衣服
10113043	1	1	13	43	2	1	1	43	4	白虎铠甲	89	白色铠甲，为西方白虎所守护，万物不侵，法力无边。	9850	100	10	0	-1	-1	-1	-1	-1	-1	-1	-1	-1	-1	-1	-1	-1	-1	-1	-1	-1	-1	-1	-1	-1	-1	-1	-1	-1	-1	-1	-1	-1	-1	-1	-1	-1	-1	-1	-1	-1	-1	-1	-1	-1	-1	-1	-1	-1	-1	-1	-1	-1	-1	-1	-1	-1	-1	-1	-1	-1	-1	-1	-1	33	-1	33	-1	-1	-1	Cloth1_14	衣服
10113044	1	1	13	44	2	8	1	44	4	青龙铠甲	89	青色铠甲，为东方青龙所守护，万物不侵，法力无边。	9850	100	10	0	-1	-1	-1	-1	-1	-1	-1	-1	-1	-1	-1	-1	-1	-1	-1	-1	-1	-1	-1	-1	-1	-1	-1	-1	-1	-1	-1	-1	-1	-1	-1	-1	-1	-1	-1	-1	-1	-1	-1	-1	-1	-1	-1	-1	-1	-1	-1	-1	-1	-1	-1	-1	-1	-1	-1	-1	-1	-1	-1	-1	33	-1	33	-1	-1	-1	Cloth1_10	衣服
10113045	1	1	13	45	2	25	1	45	4	圣灵战甲	94	女娲补天时用的五彩石矶所造，吸收日月精华，赋有无穷灵力。	13490	100	10	0	-1	-1	-1	-1	-1	-1	-1	-1	-1	-1	-1	-1	-1	-1	-1	-1	-1	-1	-1	-1	-1	-1	-1	-1	-1	-1	-1	-1	-1	-1	-1	-1	-1	-1	-1	-1	-1	-1	-1	-1	-1	-1	-1	-1	-1	-1	-1	-1	-1	-1	-1	-1	-1	-1	-1	-1	-1	-1	-1	-1	36	-1	36	-1	-1	-1	Cloth2_8	衣服
10113046	1	1	13	46	2	28	1	46	4	幽冥魔甲	94	来自冥间，地狱之火烧练而成，怨气浓重，魔性强大。	13490	100	10	0	-1	-1	-1	-1	-1	-1	-1	-1	-1	-1	-1	-1	-1	-1	-1	-1	-1	-1	-1	-1	-1	-1	-1	-1	-1	-1	-1	-1	-1	-1	-1	-1	-1	-1	-1	-1	-1	-1	-1	-1	-1	-1	-1	-1	-1	-1	-1	-1	-1	-1	-1	-1	-1	-1	-1	-1	-1	-1	-1	-1	36	-1	36	-1	-1	-1	Cloth2_10	衣服
10113047	1	1	13	47	2	13	1	47	4	怜悯之甲	94	佛家最为贵重的物品，可与使用者相互感应。	13490	100	10	0	-1	-1	-1	-1	-1	-1	-1	-1	-1	-1	-1	-1	-1	-1	-1	-1	-1	-1	-1	-1	-1	-1	-1	-1	-1	-1	-1	-1	-1	-1	-1	-1	-1	-1	-1	-1	-1	-1	-1	-1	-1	-1	-1	-1	-1	-1	-1	-1	-1	-1	-1	-1	-1	-1	-1	-1	-1	-1	-1	-1	36	-1	36	-1	-1	-1	Cloth1_4	衣服
10113048	1	1	13	48	2	9	1	48	4	霓云羽衣	99	据说是九天仙女为大地祈福跳舞时所用，是可遇不可求的极品。	13590	100	10	0	-1	-1	-1	-1	-1	-1	-1	-1	-1	-1	-1	-1	-1	-1	-1	-1	-1	-1	-1	-1	-1	-1	-1	-1	-1	-1	-1	-1	-1	-1	-1	-1	-1	-1	-1	-1	-1	-1	-1	-1	-1	-1	-1	-1	-1	-1	-1	-1	-1	-1	-1	-1	-1	-1	-1	-1	-1	-1	-1	-1	39	-1	39	-1	-1	-1	Cloth2_12	衣服
10113049	1	1	13	49	2	10	1	49	4	九宝天衣	99	上有九宝华文，受到天地精华的凝炼，灵气异常。	13590	100	10	0	-1	-1	-1	-1	-1	-1	-1	-1	-1	-1	-1	-1	-1	-1	-1	-1	-1	-1	-1	-1	-1	-1	-1	-1	-1	-1	-1	-1	-1	-1	-1	-1	-1	-1	-1	-1	-1	-1	-1	-1	-1	-1	-1	-1	-1	-1	-1	-1	-1	-1	-1	-1	-1	-1	-1	-1	-1	-1	-1	-1	39	-1	39	-1	-1	-1	Cloth2_15	衣服
10113050	1	1	13	50	2	12	1	50	4	归元神衣	99	上古神物，生于天地混沌之时，有凝神归元，起死回生之用。	13590	100	10	0	-1	-1	-1	-1	-1	-1	-1	-1	-1	-1	-1	-1	-1	-1	-1	-1	-1	-1	-1	-1	-1	-1	-1	-1	-1	-1	-1	-1	-1	-1	-1	-1	-1	-1	-1	-1	-1	-1	-1	-1	-1	-1	-1	-1	-1	-1	-1	-1	-1	-1	-1	-1	-1	-1	-1	-1	-1	-1	-1	-1	39	-1	39	-1	-1	-1	Cloth2_16	衣服
10120001	1	1	20	1	7	-1	1	-1	-1	乱花结	8	各种花朵穿接而成，暗香浮动。	620	60	6	0	-1	-1	-1	-1	-1	-1	-1	-1	-1	-1	-1	-1	-1	-1	-1	-1	-1	-1	-1	-1	-1	-1	-1	-1	-1	-1	-1	-1	-1	-1	-1	-1	-1	-1	-1	-1	-1	-1	-1	-1	-1	-1	-1	-1	-1	-1	-1	-1	-1	-1	-1	-1	-1	-1	-1	-1	-1	-1	-1	-1	-1	-1	-1	-1	1	-1	Necklace_1	项链
10120002	1	1	20	2	7	-1	1	-1	-1	蓝宝项链	18	蔚蓝色的宝石项链，可与佩带者互相感应。	725	60	6	0	-1	-1	-1	-1	-1	-1	-1	-1	-1	-1	-1	-1	-1	-1	-1	-1	-1	-1	-1	-1	-1	-1	-1	-1	-1	-1	-1	-1	-1	-1	-1	-1	-1	-1	-1	-1	-1	-1	-1	-1	-1	-1	-1	-1	-1	-1	-1	-1	-1	-1	-1	-1	-1	-1	-1	-1	-1	-1	-1	-1	-1	-1	-1	-1	2	-1	Necklace_2	项链
10120003	1	1	20	3	7	-1	1	-1	-1	太极护符	28	暗藏八卦玄机，可提高自身能力。	880	70	7	0	-1	-1	-1	-1	-1	-1	-1	-1	-1	-1	-1	-1	-1	-1	-1	-1	-1	-1	-1	-1	-1	-1	-1	-1	-1	-1	-1	-1	-1	-1	-1	-1	-1	-1	-1	-1	-1	-1	-1	-1	-1	-1	-1	-1	-1	-1	-1	-1	-1	-1	-1	-1	-1	-1	-1	-1	-1	-1	-1	-1	-1	-1	-1	-1	3	-1	Necklace_3	项链
10120004	1	1	20	4	7	-1	1	-1	-1	云海链	38	蓝白相间的玉石项链，背面绘有云山四海图，因此得名。	1080	70	7	0	-1	-1	-1	-1	-1	-1	-1	-1	-1	-1	-1	-1	-1	-1	-1	-1	-1	-1	-1	-1	-1	-1	-1	-1	-1	-1	-1	-1	-1	-1	-1	-1	-1	-1	-1	-1	-1	-1	-1	-1	-1	-1	-1	-1	-1	-1	-1	-1	-1	-1	-1	-1	-1	-1	-1	-1	-1	-1	-1	-1	-1	-1	-1	-1	4	-1	Necklace_4	项链
10120005	1	1	20	5	7	-1	1	-1	-1	琥珀护符	48	千年前松脂滴落所形成的琥珀所制，可保身健体。	1355	80	8	0	-1	-1	-1	-1	-1	-1	-1	-1	-1	-1	-1	-1	-1	-1	-1	-1	-1	-1	-1	-1	-1	-1	-1	-1	-1	-1	-1	-1	-1	-1	-1	-1	-1	-1	-1	-1	-1	-1	-1	-1	-1	-1	-1	-1	-1	-1	-1	-1	-1	-1	-1	-1	-1	-1	-1	-1	-1	-1	-1	-1	-1	-1	-1	-1	5	-1	Necklace_5	项链
10120006	1	1	20	6	7	-1	1	-1	-1	七情束	58	链身为七根金丝互相缠绕，中间镶有佛家舍利，断七情斩六欲。	2195	80	8	0	-1	-1	-1	-1	-1	-1	-1	-1	-1	-1	-1	-1	-1	-1	-1	-1	-1	-1	-1	-1	-1	-1	-1	-1	-1	-1	-1	-1	-1	-1	-1	-1	-1	-1	-1	-1	-1	-1	-1	-1	-1	-1	-1	-1	-1	-1	-1	-1	-1	-1	-1	-1	-1	-1	-1	-1	-1	-1	-1	-1	-1	-1	-1	-1	6	-1	Necklace_6	项链
10120007	1	1	20	7	7	-1	1	-1	-1	情人泪	68	链长七分，在月光下闪着冷冷的寒光，链坠上下相连，犹如刚刚滴落的泪滴。	3525	90	9	0	-1	-1	-1	-1	-1	-1	-1	-1	-1	-1	-1	-1	-1	-1	-1	-1	-1	-1	-1	-1	-1	-1	-1	-1	-1	-1	-1	-1	-1	-1	-1	-1	-1	-1	-1	-1	-1	-1	-1	-1	-1	-1	-1	-1	-1	-1	-1	-1	-1	-1	-1	-1	-1	-1	-1	-1	-1	-1	-1	-1	-1	-1	-1	-1	7	-1	Necklace_7	项链
10120008	1	1	20	8	7	-1	1	-1	-1	引路铃	78	金铜穿丝，悬一五角金铃，铃声阵阵，不绝于耳，传为阴间引路所用。	5460	90	9	0	-1	-1	-1	-1	-1	-1	-1	-1	-1	-1	-1	-1	-1	-1	-1	-1	-1	-1	-1	-1	-1	-1	-1	-1	-1	-1	-1	-1	-1	-1	-1	-1	-1	-1	-1	-1	-1	-1	-1	-1	-1	-1	-1	-1	-1	-1	-1	-1	-1	-1	-1	-1	-1	-1	-1	-1	-1	-1	-1	-1	-1	-1	-1	-1	8	-1	Necklace_8	项链
10120009	1	1	20	9	7	-1	1	-1	-1	月光	88	吸取月之精华而生成的灵物，散发着蓝紫色的幽幽之光，极为神秘。	8130	100	10	0	-1	-1	-1	-1	-1	-1	-1	-1	-1	-1	-1	-1	-1	-1	-1	-1	-1	-1	-1	-1	-1	-1	-1	-1	-1	-1	-1	-1	-1	-1	-1	-1	-1	-1	-1	-1	-1	-1	-1	-1	-1	-1	-1	-1	-1	-1	-1	-1	-1	-1	-1	-1	-1	-1	-1	-1	-1	-1	-1	-1	-1	-1	-1	-1	9	-1	Necklace_9	项链
10120010	1	1	20	10	7	-1	1	-1	-1	蝶仙	98	传说中九天仙女所佩之物，精美绝伦，似蝴蝶蹁跹，隐含神力。	11670	100	10	0	-1	-1	-1	-1	-1	-1	-1	-1	-1	-1	-1	-1	-1	-1	-1	-1	-1	-1	-1	-1	-1	-1	-1	-1	-1	-1	-1	-1	-1	-1	-1	-1	-1	-1	-1	-1	-1	-1	-1	-1	-1	-1	-1	-1	-1	-1	-1	-1	-1	-1	-1	-1	-1	-1	-1	-1	-1	-1	-1	-1	-1	-1	-1	-1	10	-1	Necklace_10	项链
10121001	1	1	21	1	5	-1	1	-1	-1	柳意腰带	2	普通粗布腰带，上面绘有杨柳依依。	496	60	6	0	-1	-1	-1	-1	-1	-1	-1	-1	-1	-1	-1	-1	-1	-1	-1	-1	-1	-1	-1	-1	-1	-1	-1	-1	-1	-1	-1	-1	-1	-1	-1	-1	-1	-1	-1	-1	-1	-1	-1	-1	-1	-1	-1	-1	-1	-1	-1	-1	-1	-1	-1	-1	-1	-1	-1	-1	-1	-1	-1	-1	-1	-1	-1	-1	1	-1	Girdle_1	腰带
10121002	1	1	21	2	5	-1	1	-1	-1	如意腰带	12	普通染布制成的宽腰带，取万事如意，随心所愿之意。。	580	60	6	0	-1	-1	-1	-1	-1	-1	-1	-1	-1	-1	-1	-1	-1	-1	-1	-1	-1	-1	-1	-1	-1	-1	-1	-1	-1	-1	-1	-1	-1	-1	-1	-1	-1	-1	-1	-1	-1	-1	-1	-1	-1	-1	-1	-1	-1	-1	-1	-1	-1	-1	-1	-1	-1	-1	-1	-1	-1	-1	-1	-1	-1	-1	-1	-1	2	-1	Girdle_2	腰带
10121003	1	1	21	3	5	-1	1	-1	-1	明蛟腰带	22	用巨蛟的皮制成的腰带，可提高自身能力。	704	70	7	0	-1	-1	-1	-1	-1	-1	-1	-1	-1	-1	-1	-1	-1	-1	-1	-1	-1	-1	-1	-1	-1	-1	-1	-1	-1	-1	-1	-1	-1	-1	-1	-1	-1	-1	-1	-1	-1	-1	-1	-1	-1	-1	-1	-1	-1	-1	-1	-1	-1	-1	-1	-1	-1	-1	-1	-1	-1	-1	-1	-1	-1	-1	-1	-1	3	-1	Girdle_3	腰带
10121004	1	1	21	4	5	-1	1	-1	-1	北斗箍环	32	上刻七星北斗方位，玄妙异常。	864	70	7	0	-1	-1	-1	-1	-1	-1	-1	-1	-1	-1	-1	-1	-1	-1	-1	-1	-1	-1	-1	-1	-1	-1	-1	-1	-1	-1	-1	-1	-1	-1	-1	-1	-1	-1	-1	-1	-1	-1	-1	-1	-1	-1	-1	-1	-1	-1	-1	-1	-1	-1	-1	-1	-1	-1	-1	-1	-1	-1	-1	-1	-1	-1	-1	-1	4	-1	Girdle_4	腰带
10121005	1	1	21	5	5	-1	1	-1	-1	天火环带	42	腰带厚重坚固，传为火神用天火烧制所造，因此得名。	1084	80	8	0	-1	-1	-1	-1	-1	-1	-1	-1	-1	-1	-1	-1	-1	-1	-1	-1	-1	-1	-1	-1	-1	-1	-1	-1	-1	-1	-1	-1	-1	-1	-1	-1	-1	-1	-1	-1	-1	-1	-1	-1	-1	-1	-1	-1	-1	-1	-1	-1	-1	-1	-1	-1	-1	-1	-1	-1	-1	-1	-1	-1	-1	-1	-1	-1	5	-1	Girdle_5	腰带
10121006	1	1	21	6	5	-1	1	-1	-1	混天环带	52	传说中仙子用的腰带，火红色，有流苏，危险时刻可作为武器使用。	1756	80	8	0	-1	-1	-1	-1	-1	-1	-1	-1	-1	-1	-1	-1	-1	-1	-1	-1	-1	-1	-1	-1	-1	-1	-1	-1	-1	-1	-1	-1	-1	-1	-1	-1	-1	-1	-1	-1	-1	-1	-1	-1	-1	-1	-1	-1	-1	-1	-1	-1	-1	-1	-1	-1	-1	-1	-1	-1	-1	-1	-1	-1	-1	-1	-1	-1	6	-1	Girdle_6	腰带
10121007	1	1	21	7	5	-1	1	-1	-1	神霄带	62	神秘的缎带，造型奇特，可避邪生辉。	2820	90	9	0	-1	-1	-1	-1	-1	-1	-1	-1	-1	-1	-1	-1	-1	-1	-1	-1	-1	-1	-1	-1	-1	-1	-1	-1	-1	-1	-1	-1	-1	-1	-1	-1	-1	-1	-1	-1	-1	-1	-1	-1	-1	-1	-1	-1	-1	-1	-1	-1	-1	-1	-1	-1	-1	-1	-1	-1	-1	-1	-1	-1	-1	-1	-1	-1	7	-1	Girdle_7	腰带
10121008	1	1	21	8	5	-1	1	-1	-1	七曜腰环	72	取天地间“日月金木水火土”七星精华而成，威力非凡。	4368	90	9	0	-1	-1	-1	-1	-1	-1	-1	-1	-1	-1	-1	-1	-1	-1	-1	-1	-1	-1	-1	-1	-1	-1	-1	-1	-1	-1	-1	-1	-1	-1	-1	-1	-1	-1	-1	-1	-1	-1	-1	-1	-1	-1	-1	-1	-1	-1	-1	-1	-1	-1	-1	-1	-1	-1	-1	-1	-1	-1	-1	-1	-1	-1	-1	-1	8	-1	Girdle_8	腰带
10121009	1	1	21	9	5	-1	1	-1	-1	紫霞	82	传为不周山之环山彩霞掉落西天生成环带两条，一曰折天，一曰紫霞。	6504	100	10	0	-1	-1	-1	-1	-1	-1	-1	-1	-1	-1	-1	-1	-1	-1	-1	-1	-1	-1	-1	-1	-1	-1	-1	-1	-1	-1	-1	-1	-1	-1	-1	-1	-1	-1	-1	-1	-1	-1	-1	-1	-1	-1	-1	-1	-1	-1	-1	-1	-1	-1	-1	-1	-1	-1	-1	-1	-1	-1	-1	-1	-1	-1	-1	-1	9	-1	Girdle_9	腰带
10121010	1	1	21	10	5	-1	1	-1	-1	镇日	92	上古流传下来的神物，据说曾为后羿所用，千古流传，吸收天地精华，神力非常。	9336	100	10	0	-1	-1	-1	-1	-1	-1	-1	-1	-1	-1	-1	-1	-1	-1	-1	-1	-1	-1	-1	-1	-1	-1	-1	-1	-1	-1	-1	-1	-1	-1	-1	-1	-1	-1	-1	-1	-1	-1	-1	-1	-1	-1	-1	-1	-1	-1	-1	-1	-1	-1	-1	-1	-1	-1	-1	-1	-1	-1	-1	-1	-1	-1	-1	-1	10	-1	Girdle_10	腰带
10122001	1	1	22	1	6	-1	1	-1	-1	草戒	5	青草环扣，绿意融融，容易损坏。	596	60	6	0	-1	-1	-1	-1	-1	-1	-1	-1	-1	-1	-1	-1	-1	-1	-1	-1	-1	-1	-1	-1	-1	-1	-1	-1	-1	-1	-1	-1	-1	-1	-1	-1	-1	-1	-1	-1	-1	-1	-1	-1	-1	-1	-1	-1	-1	-1	-1	-1	-1	-1	-1	-1	-1	-1	-1	-1	-1	-1	-1	-1	-1	-1	-1	-1	1	-1	Ring_1	戒指
10122002	1	1	22	2	6	-1	1	-1	-1	银竹戒指	15	紫竹林的银竹做的戒指，只传有缘人。	880	60	6	0	-1	-1	-1	-1	-1	-1	-1	-1	-1	-1	-1	-1	-1	-1	-1	-1	-1	-1	-1	-1	-1	-1	-1	-1	-1	-1	-1	-1	-1	-1	-1	-1	-1	-1	-1	-1	-1	-1	-1	-1	-1	-1	-1	-1	-1	-1	-1	-1	-1	-1	-1	-1	-1	-1	-1	-1	-1	-1	-1	-1	-1	-1	-1	-1	2	-1	Ring_2	戒指
10122003	1	1	22	3	6	-1	1	-1	-1	百裂戒指	25	戒身上有百道裂痕，但是坚固异常。	1204	70	7	0	-1	-1	-1	-1	-1	-1	-1	-1	-1	-1	-1	-1	-1	-1	-1	-1	-1	-1	-1	-1	-1	-1	-1	-1	-1	-1	-1	-1	-1	-1	-1	-1	-1	-1	-1	-1	-1	-1	-1	-1	-1	-1	-1	-1	-1	-1	-1	-1	-1	-1	-1	-1	-1	-1	-1	-1	-1	-1	-1	-1	-1	-1	-1	-1	3	-1	Ring_3	戒指
10122004	1	1	22	4	6	-1	1	-1	-1	如意戒指	35	玉色如意造型，古朴典雅，传家之宝。	1564	70	7	0	-1	-1	-1	-1	-1	-1	-1	-1	-1	-1	-1	-1	-1	-1	-1	-1	-1	-1	-1	-1	-1	-1	-1	-1	-1	-1	-1	-1	-1	-1	-1	-1	-1	-1	-1	-1	-1	-1	-1	-1	-1	-1	-1	-1	-1	-1	-1	-1	-1	-1	-1	-1	-1	-1	-1	-1	-1	-1	-1	-1	-1	-1	-1	-1	4	-1	Ring_4	戒指
10122005	1	1	22	5	6	-1	1	-1	-1	流影	45	戒圈上镶有十种宝石，颜色各异，价值连城。	1984	80	8	0	-1	-1	-1	-1	-1	-1	-1	-1	-1	-1	-1	-1	-1	-1	-1	-1	-1	-1	-1	-1	-1	-1	-1	-1	-1	-1	-1	-1	-1	-1	-1	-1	-1	-1	-1	-1	-1	-1	-1	-1	-1	-1	-1	-1	-1	-1	-1	-1	-1	-1	-1	-1	-1	-1	-1	-1	-1	-1	-1	-1	-1	-1	-1	-1	5	-1	Ring_5	戒指
10122006	1	1	22	6	6	-1	1	-1	-1	灵韵	55	灵巧秀气，韵味天成，传为周幽王命能工巧匠为褒姒所造。	2856	80	8	0	-1	-1	-1	-1	-1	-1	-1	-1	-1	-1	-1	-1	-1	-1	-1	-1	-1	-1	-1	-1	-1	-1	-1	-1	-1	-1	-1	-1	-1	-1	-1	-1	-1	-1	-1	-1	-1	-1	-1	-1	-1	-1	-1	-1	-1	-1	-1	-1	-1	-1	-1	-1	-1	-1	-1	-1	-1	-1	-1	-1	-1	-1	-1	-1	6	-1	Ring_6	戒指
10122007	1	1	22	7	6	-1	1	-1	-1	九宫	65	九宫制成的戒圈，灵力异常。	4120	90	9	0	-1	-1	-1	-1	-1	-1	-1	-1	-1	-1	-1	-1	-1	-1	-1	-1	-1	-1	-1	-1	-1	-1	-1	-1	-1	-1	-1	-1	-1	-1	-1	-1	-1	-1	-1	-1	-1	-1	-1	-1	-1	-1	-1	-1	-1	-1	-1	-1	-1	-1	-1	-1	-1	-1	-1	-1	-1	-1	-1	-1	-1	-1	-1	-1	7	-1	Ring_7	戒指
10122008	1	1	22	8	6	-1	1	-1	-1	玲珑	75	七彩玲珑所造，汇集海之灵气，对佩带者有极强的保护作用。	5868	90	9	0	-1	-1	-1	-1	-1	-1	-1	-1	-1	-1	-1	-1	-1	-1	-1	-1	-1	-1	-1	-1	-1	-1	-1	-1	-1	-1	-1	-1	-1	-1	-1	-1	-1	-1	-1	-1	-1	-1	-1	-1	-1	-1	-1	-1	-1	-1	-1	-1	-1	-1	-1	-1	-1	-1	-1	-1	-1	-1	-1	-1	-1	-1	-1	-1	8	-1	Ring_8	戒指
10122009	1	1	22	9	6	-1	1	-1	-1	摄魂	85	来自阴间的物品，怨气集结，有很强的吞噬能力。	8204	100	10	0	-1	-1	-1	-1	-1	-1	-1	-1	-1	-1	-1	-1	-1	-1	-1	-1	-1	-1	-1	-1	-1	-1	-1	-1	-1	-1	-1	-1	-1	-1	-1	-1	-1	-1	-1	-1	-1	-1	-1	-1	-1	-1	-1	-1	-1	-1	-1	-1	-1	-1	-1	-1	-1	-1	-1	-1	-1	-1	-1	-1	-1	-1	-1	-1	9	-1	Ring_9	戒指
10122010	1	1	22	10	6	-1	1	-1	-1	神祭	95	上古神物，生于天地混沌之时，祭神所用，和凡人一样有呼吸血脉，威力随其喜怒哀乐而变。	11236	100	10	0	-1	-1	-1	-1	-1	-1	-1	-1	-1	-1	-1	-1	-1	-1	-1	-1	-1	-1	-1	-1	-1	-1	-1	-1	-1	-1	-1	-1	-1	-1	-1	-1	-1	-1	-1	-1	-1	-1	-1	-1	-1	-1	-1	-1	-1	-1	-1	-1	-1	-1	-1	-1	-1	-1	-1	-1	-1	-1	-1	-1	-1	-1	-1	-1	10	-1	Ring_10	戒指
10131001	1	1	31	1	0	362	1	-1	-1	钓鱼竿	10	初级钓鱼竿。	2324	100	10	0	-1	-1	-1	-1	-1	-1	-1	-1	-1	-1	-1	-1	-1	-1	-1	-1	-1	-1	-1	-1	-1	-1	-1	-1	-1	-1	-1	-1	-1	-1	-1	-1	-1	-1	-1	-1	-1	-1	-1	-1	-1	-1	-1	-1	-1	-1	-1	-1	-1	-1	-1	-1	-1	-1	-1	-1	-1	-1	-1	-1	-1	-1	-1	-1	-1	-1	MenpaiLiveSkill_13	工具
10131002	1	1	31	2	0	363	1	-1	-1	矿锄	10	初级矿锄。	2324	100	10	0	-1	-1	-1	-1	-1	-1	-1	-1	-1	-1	-1	-1	-1	-1	-1	-1	-1	-1	-1	-1	-1	-1	-1	-1	-1	-1	-1	-1	-1	-1	-1	-1	-1	-1	-1	-1	-1	-1	-1	-1	-1	-1	-1	-1	-1	-1	-1	-1	-1	-1	-1	-1	-1	-1	-1	-1	-1	-1	-1	-1	-1	-1	-1	-1	-1	-1	MenpaiLiveSkill_12	工具
10131003	1	1	31	3	0	361	1	-1	-1	采药镰	10	初级采药镰。	2324	100	10	0	-1	-1	-1	-1	-1	-1	-1	-1	-1	-1	-1	-1	-1	-1	-1	-1	-1	-1	-1	-1	-1	-1	-1	-1	-1	-1	-1	-1	-1	-1	-1	-1	-1	-1	-1	-1	-1	-1	-1	-1	-1	-1	-1	-1	-1	-1	-1	-1	-1	-1	-1	-1	-1	-1	-1	-1	-1	-1	-1	-1	-1	-1	-1	-1	-1	-1	MenpaiLiveSkill_14	工具
