INT	INT	INT	INT	INT	INT	INT	INT	INT	INT	INT	INT	INT	INT	INT	INT	INT	INT	INT	INT	INT	INT	INT
ID(怪物编号)	Mvalue(怪物价值)	怪物掉落类型	DID1(掉落包编号)	DID2	DID3	DID4	DID5	DID6	DID7	DID8	DID9	DID10	DID11	DID12	DID13	DID14	DID15	DID16	DID17	DID18	DID19	DID20
800	4	0	0	12	24	35	-1	-1	-1	-1	-1	-1	-1	-1	-1	-1	-1	-1	-1	-1	-1	-1
801	4	0	0	12	24	36	45	-1	-1	-1	-1	-1	-1	-1	-1	-1	-1	-1	-1	-1	-1	-1
802	5	0	0	12	24	36	45	-1	-1	-1	-1	-1	-1	-1	-1	-1	-1	-1	-1	-1	-1	-1
803	5	0	1	13	25	30	37	46	-1	-1	-1	-1	-1	-1	-1	-1	-1	-1	-1	-1	-1	-1
804	6	0	1	13	25	30	38	47	-1	-1	-1	-1	-1	-1	-1	-1	-1	-1	-1	-1	-1	-1
805	6	0	2	14	25	30	39	48	-1	-1	-1	-1	-1	-1	-1	-1	-1	-1	-1	-1	-1	-1
806	8	0	2	14	25	30	40	49	-1	-1	-1	-1	-1	-1	-1	-1	-1	-1	-1	-1	-1	-1
807	8	0	3	15	26	31	41	50	-1	-1	-1	-1	-1	-1	-1	-1	-1	-1	-1	-1	-1	-1
808	10	0	3	15	26	31	42	51	-1	-1	-1	-1	-1	-1	-1	-1	-1	-1	-1	-1	-1	-1
809	10	0	4	16	27	32	43	52	-1	-1	-1	-1	-1	-1	-1	-1	-1	-1	-1	-1	-1	-1
810	13	0	4	16	27	32	44	53	-1	-1	-1	-1	-1	-1	-1	-1	-1	-1	-1	-1	-1	-1
811	22	1	1	13	25	30	37	46	-1	-1	-1	-1	-1	-1	-1	-1	-1	-1	-1	-1	-1	-1
812	26	1	1	13	25	30	38	47	-1	-1	-1	-1	-1	-1	-1	-1	-1	-1	-1	-1	-1	-1
813	26	1	2	14	25	30	39	48	-1	-1	-1	-1	-1	-1	-1	-1	-1	-1	-1	-1	-1	-1
814	32	1	2	14	25	30	40	49	-1	-1	-1	-1	-1	-1	-1	-1	-1	-1	-1	-1	-1	-1
815	32	1	3	15	26	31	41	50	-1	-1	-1	-1	-1	-1	-1	-1	-1	-1	-1	-1	-1	-1
816	41	1	3	15	26	31	42	51	-1	-1	-1	-1	-1	-1	-1	-1	-1	-1	-1	-1	-1	-1
817	41	1	4	16	27	32	43	52	-1	-1	-1	-1	-1	-1	-1	-1	-1	-1	-1	-1	-1	-1
818	52	1	4	16	27	32	44	53	-1	-1	-1	-1	-1	-1	-1	-1	-1	-1	-1	-1	-1	-1
819	66	1	5	17	27	32	54	-1	-1	-1	-1	-1	-1	-1	-1	-1	-1	-1	-1	-1	-1	-1
820	5	0	0	12	24	36	45	-1	-1	-1	-1	-1	-1	-1	-1	-1	-1	-1	-1	-1	-1	-1
821	5	0	1	13	25	30	37	46	-1	-1	-1	-1	-1	-1	-1	-1	-1	-1	-1	-1	-1	-1
822	6	0	1	13	25	30	38	47	-1	-1	-1	-1	-1	-1	-1	-1	-1	-1	-1	-1	-1	-1
823	6	0	2	14	25	30	39	48	-1	-1	-1	-1	-1	-1	-1	-1	-1	-1	-1	-1	-1	-1
824	8	0	2	14	25	30	40	49	-1	-1	-1	-1	-1	-1	-1	-1	-1	-1	-1	-1	-1	-1
825	8	0	3	15	26	31	41	50	-1	-1	-1	-1	-1	-1	-1	-1	-1	-1	-1	-1	-1	-1
826	10	0	3	15	26	31	42	51	-1	-1	-1	-1	-1	-1	-1	-1	-1	-1	-1	-1	-1	-1
827	10	0	4	16	27	32	43	52	-1	-1	-1	-1	-1	-1	-1	-1	-1	-1	-1	-1	-1	-1
828	13	0	4	16	27	32	44	53	-1	-1	-1	-1	-1	-1	-1	-1	-1	-1	-1	-1	-1	-1
829	22	1	1	13	25	30	37	46	-1	-1	-1	-1	-1	-1	-1	-1	-1	-1	-1	-1	-1	-1
830	26	1	1	13	25	30	38	47	-1	-1	-1	-1	-1	-1	-1	-1	-1	-1	-1	-1	-1	-1
831	26	1	2	14	25	30	39	48	-1	-1	-1	-1	-1	-1	-1	-1	-1	-1	-1	-1	-1	-1
832	32	1	2	14	25	30	40	49	-1	-1	-1	-1	-1	-1	-1	-1	-1	-1	-1	-1	-1	-1
833	32	1	3	15	26	31	41	50	-1	-1	-1	-1	-1	-1	-1	-1	-1	-1	-1	-1	-1	-1
834	41	1	3	15	26	31	42	51	-1	-1	-1	-1	-1	-1	-1	-1	-1	-1	-1	-1	-1	-1
835	41	1	4	16	27	32	43	52	-1	-1	-1	-1	-1	-1	-1	-1	-1	-1	-1	-1	-1	-1
836	52	1	4	16	27	32	44	53	-1	-1	-1	-1	-1	-1	-1	-1	-1	-1	-1	-1	-1	-1
837	66	1	5	17	27	32	54	-1	-1	-1	-1	-1	-1	-1	-1	-1	-1	-1	-1	-1	-1	-1
838	22	1	1	13	25	30	37	46	-1	-1	-1	-1	-1	-1	-1	-1	-1	-1	-1	-1	-1	-1
839	26	1	1	13	25	30	38	47	-1	-1	-1	-1	-1	-1	-1	-1	-1	-1	-1	-1	-1	-1
840	26	1	2	14	25	30	39	48	-1	-1	-1	-1	-1	-1	-1	-1	-1	-1	-1	-1	-1	-1
841	32	1	2	14	25	30	40	49	-1	-1	-1	-1	-1	-1	-1	-1	-1	-1	-1	-1	-1	-1
842	32	1	3	15	26	31	41	50	-1	-1	-1	-1	-1	-1	-1	-1	-1	-1	-1	-1	-1	-1
843	41	1	3	15	26	31	42	51	-1	-1	-1	-1	-1	-1	-1	-1	-1	-1	-1	-1	-1	-1
844	41	1	4	16	27	32	43	52	-1	-1	-1	-1	-1	-1	-1	-1	-1	-1	-1	-1	-1	-1
845	52	1	4	16	27	32	44	53	-1	-1	-1	-1	-1	-1	-1	-1	-1	-1	-1	-1	-1	-1
846	66	1	5	17	27	32	54	-1	-1	-1	-1	-1	-1	-1	-1	-1	-1	-1	-1	-1	-1	-1
847	22	1	1	13	25	30	37	46	-1	-1	-1	-1	-1	-1	-1	-1	-1	-1	-1	-1	-1	-1
848	26	1	1	13	25	30	38	47	-1	-1	-1	-1	-1	-1	-1	-1	-1	-1	-1	-1	-1	-1
849	26	1	2	14	25	30	39	48	-1	-1	-1	-1	-1	-1	-1	-1	-1	-1	-1	-1	-1	-1
850	32	1	2	14	25	30	40	49	-1	-1	-1	-1	-1	-1	-1	-1	-1	-1	-1	-1	-1	-1
851	32	1	3	15	26	31	41	50	-1	-1	-1	-1	-1	-1	-1	-1	-1	-1	-1	-1	-1	-1
852	41	1	3	15	26	31	42	51	-1	-1	-1	-1	-1	-1	-1	-1	-1	-1	-1	-1	-1	-1
853	41	1	4	16	27	32	43	52	-1	-1	-1	-1	-1	-1	-1	-1	-1	-1	-1	-1	-1	-1
854	52	1	4	16	27	32	44	53	-1	-1	-1	-1	-1	-1	-1	-1	-1	-1	-1	-1	-1	-1
855	66	1	5	17	27	32	54	-1	-1	-1	-1	-1	-1	-1	-1	-1	-1	-1	-1	-1	-1	-1
856	22	1	1	13	25	30	37	46	-1	-1	-1	-1	-1	-1	-1	-1	-1	-1	-1	-1	-1	-1
857	26	1	1	13	25	30	38	47	-1	-1	-1	-1	-1	-1	-1	-1	-1	-1	-1	-1	-1	-1
858	26	1	2	14	25	30	39	48	-1	-1	-1	-1	-1	-1	-1	-1	-1	-1	-1	-1	-1	-1
859	32	1	2	14	25	30	40	49	-1	-1	-1	-1	-1	-1	-1	-1	-1	-1	-1	-1	-1	-1
860	32	1	3	15	26	31	41	50	-1	-1	-1	-1	-1	-1	-1	-1	-1	-1	-1	-1	-1	-1
861	41	1	3	15	26	31	42	51	-1	-1	-1	-1	-1	-1	-1	-1	-1	-1	-1	-1	-1	-1
862	41	1	4	16	27	32	43	52	-1	-1	-1	-1	-1	-1	-1	-1	-1	-1	-1	-1	-1	-1
863	52	1	4	16	27	32	44	53	-1	-1	-1	-1	-1	-1	-1	-1	-1	-1	-1	-1	-1	-1
864	66	1	5	17	27	32	54	-1	-1	-1	-1	-1	-1	-1	-1	-1	-1	-1	-1	-1	-1	-1
865	5	0	0	12	24	36	45	-1	-1	-1	-1	-1	-1	-1	-1	-1	-1	-1	-1	-1	-1	-1
866	5	0	1	13	25	30	37	46	-1	-1	-1	-1	-1	-1	-1	-1	-1	-1	-1	-1	-1	-1
867	6	0	1	13	25	30	38	47	-1	-1	-1	-1	-1	-1	-1	-1	-1	-1	-1	-1	-1	-1
868	6	0	2	14	25	30	39	48	-1	-1	-1	-1	-1	-1	-1	-1	-1	-1	-1	-1	-1	-1
869	8	0	2	14	25	30	40	49	-1	-1	-1	-1	-1	-1	-1	-1	-1	-1	-1	-1	-1	-1
870	8	0	3	15	26	31	41	50	-1	-1	-1	-1	-1	-1	-1	-1	-1	-1	-1	-1	-1	-1
871	10	0	3	15	26	31	42	51	-1	-1	-1	-1	-1	-1	-1	-1	-1	-1	-1	-1	-1	-1
872	10	0	4	16	27	32	43	52	-1	-1	-1	-1	-1	-1	-1	-1	-1	-1	-1	-1	-1	-1
873	13	0	4	16	27	32	44	53	-1	-1	-1	-1	-1	-1	-1	-1	-1	-1	-1	-1	-1	-1
874	5	0	0	12	24	36	45	-1	-1	-1	-1	-1	-1	-1	-1	-1	-1	-1	-1	-1	-1	-1
875	5	0	1	13	25	30	37	46	-1	-1	-1	-1	-1	-1	-1	-1	-1	-1	-1	-1	-1	-1
876	6	0	1	13	25	30	38	47	-1	-1	-1	-1	-1	-1	-1	-1	-1	-1	-1	-1	-1	-1
877	6	0	2	14	25	30	39	48	-1	-1	-1	-1	-1	-1	-1	-1	-1	-1	-1	-1	-1	-1
878	8	0	2	14	25	30	40	49	-1	-1	-1	-1	-1	-1	-1	-1	-1	-1	-1	-1	-1	-1
879	8	0	3	15	26	31	41	50	-1	-1	-1	-1	-1	-1	-1	-1	-1	-1	-1	-1	-1	-1
880	10	0	3	15	26	31	42	51	-1	-1	-1	-1	-1	-1	-1	-1	-1	-1	-1	-1	-1	-1
881	10	0	4	16	27	32	43	52	-1	-1	-1	-1	-1	-1	-1	-1	-1	-1	-1	-1	-1	-1
882	13	0	4	16	27	32	44	53	-1	-1	-1	-1	-1	-1	-1	-1	-1	-1	-1	-1	-1	-1
883	5	0	0	12	24	36	45	-1	-1	-1	-1	-1	-1	-1	-1	-1	-1	-1	-1	-1	-1	-1
884	5	0	1	13	25	30	37	46	-1	-1	-1	-1	-1	-1	-1	-1	-1	-1	-1	-1	-1	-1
885	6	0	1	13	25	30	38	47	-1	-1	-1	-1	-1	-1	-1	-1	-1	-1	-1	-1	-1	-1
886	6	0	2	14	25	30	39	48	-1	-1	-1	-1	-1	-1	-1	-1	-1	-1	-1	-1	-1	-1
887	8	0	2	14	25	30	40	49	-1	-1	-1	-1	-1	-1	-1	-1	-1	-1	-1	-1	-1	-1
888	8	0	3	15	26	31	41	50	-1	-1	-1	-1	-1	-1	-1	-1	-1	-1	-1	-1	-1	-1
889	10	0	3	15	26	31	42	51	-1	-1	-1	-1	-1	-1	-1	-1	-1	-1	-1	-1	-1	-1
890	10	0	4	16	27	32	43	52	-1	-1	-1	-1	-1	-1	-1	-1	-1	-1	-1	-1	-1	-1
891	13	0	4	16	27	32	44	53	-1	-1	-1	-1	-1	-1	-1	-1	-1	-1	-1	-1	-1	-1
892	5	0	0	12	24	36	45	-1	-1	-1	-1	-1	-1	-1	-1	-1	-1	-1	-1	-1	-1	-1
893	5	0	1	13	25	30	37	46	-1	-1	-1	-1	-1	-1	-1	-1	-1	-1	-1	-1	-1	-1
894	6	0	1	13	25	30	38	47	-1	-1	-1	-1	-1	-1	-1	-1	-1	-1	-1	-1	-1	-1
895	6	0	2	14	25	30	39	48	-1	-1	-1	-1	-1	-1	-1	-1	-1	-1	-1	-1	-1	-1
896	8	0	2	14	25	30	40	49	-1	-1	-1	-1	-1	-1	-1	-1	-1	-1	-1	-1	-1	-1
897	8	0	3	15	26	31	41	50	-1	-1	-1	-1	-1	-1	-1	-1	-1	-1	-1	-1	-1	-1
898	10	0	3	15	26	31	42	51	-1	-1	-1	-1	-1	-1	-1	-1	-1	-1	-1	-1	-1	-1
899	10	0	4	16	27	32	43	52	-1	-1	-1	-1	-1	-1	-1	-1	-1	-1	-1	-1	-1	-1
900	13	0	4	16	27	32	44	53	-1	-1	-1	-1	-1	-1	-1	-1	-1	-1	-1	-1	-1	-1
1500	4	0	0	12	24	35	-1	-1	-1	-1	-1	-1	-1	-1	-1	-1	-1	-1	-1	-1	-1	-1
1501	4	0	0	12	24	35	-1	-1	-1	-1	-1	-1	-1	-1	-1	-1	-1	-1	-1	-1	-1	-1
1504	124	1	300	0	12	24	35	45	-1	-1	-1	-1	-1	-1	-1	-1	-1	-1	-1	-1	-1	-1
1505	4	0	0	12	24	35	-1	-1	-1	-1	-1	-1	-1	-1	-1	-1	-1	-1	-1	-1	-1	-1
1506	4	0	0	12	24	35	-1	-1	-1	-1	-1	-1	-1	-1	-1	-1	-1	-1	-1	-1	-1	-1
1509	124	1	304	0	12	24	35	45	-1	-1	-1	-1	-1	-1	-1	-1	-1	-1	-1	-1	-1	-1
1510	4	0	0	12	24	35	-1	-1	-1	-1	-1	-1	-1	-1	-1	-1	-1	-1	-1	-1	-1	-1
1511	4	0	0	12	24	35	-1	-1	-1	-1	-1	-1	-1	-1	-1	-1	-1	-1	-1	-1	-1	-1
1514	124	1	305	0	12	24	35	45	-1	-1	-1	-1	-1	-1	-1	-1	-1	-1	-1	-1	-1	-1
1515	4	0	0	12	24	35	-1	-1	-1	-1	-1	-1	-1	-1	-1	-1	-1	-1	-1	-1	-1	-1
1516	4	0	0	12	24	35	-1	-1	-1	-1	-1	-1	-1	-1	-1	-1	-1	-1	-1	-1	-1	-1
1519	124	1	301	0	12	24	35	45	-1	-1	-1	-1	-1	-1	-1	-1	-1	-1	-1	-1	-1	-1
1520	4	0	0	12	24	35	-1	-1	-1	-1	-1	-1	-1	-1	-1	-1	-1	-1	-1	-1	-1	-1
1521	4	0	0	12	24	36	45	-1	-1	-1	-1	-1	-1	-1	-1	-1	-1	-1	-1	-1	-1	-1
1524	124	1	302	0	12	24	36	46	-1	-1	-1	-1	-1	-1	-1	-1	-1	-1	-1	-1	-1	-1
1525	4	0	0	12	24	35	-1	-1	-1	-1	-1	-1	-1	-1	-1	-1	-1	-1	-1	-1	-1	-1
1526	4	0	0	12	24	36	45	-1	-1	-1	-1	-1	-1	-1	-1	-1	-1	-1	-1	-1	-1	-1
1529	124	1	306	0	12	24	36	46	-1	-1	-1	-1	-1	-1	-1	-1	-1	-1	-1	-1	-1	-1
1530	4	0	0	12	24	36	45	-1	-1	-1	-1	-1	-1	-1	-1	-1	-1	-1	-1	-1	-1	-1
1531	4	0	0	12	24	36	45	-1	-1	-1	-1	-1	-1	-1	-1	-1	-1	-1	-1	-1	-1	-1
1534	124	1	307	0	12	24	36	46	-1	-1	-1	-1	-1	-1	-1	-1	-1	-1	-1	-1	-1	-1
1535	4	0	0	12	24	35	-1	-1	-1	-1	-1	-1	-1	-1	-1	-1	-1	-1	-1	-1	-1	-1
1536	4	0	0	12	24	36	45	-1	-1	-1	-1	-1	-1	-1	-1	-1	-1	-1	-1	-1	-1	-1
1539	124	1	303	0	12	24	36	46	-1	-1	-1	-1	-1	-1	-1	-1	-1	-1	-1	-1	-1	-1
1540	4	0	0	12	24	35	-1	-1	-1	-1	-1	-1	-1	-1	-1	-1	-1	-1	-1	-1	-1	-1
1541	4	0	0	12	24	36	45	-1	-1	-1	-1	-1	-1	-1	-1	-1	-1	-1	-1	-1	-1	-1
1545	4	0	0	12	24	36	45	-1	-1	-1	-1	-1	-1	-1	-1	-1	-1	-1	-1	-1	-1	-1
1546	4	0	0	12	24	36	45	-1	-1	-1	-1	-1	-1	-1	-1	-1	-1	-1	-1	-1	-1	-1
1550	4	0	0	12	24	36	45	-1	-1	-1	-1	-1	-1	-1	-1	-1	-1	-1	-1	-1	-1	-1
1551	4	0	0	12	24	36	45	-1	-1	-1	-1	-1	-1	-1	-1	-1	-1	-1	-1	-1	-1	-1
1555	4	0	0	12	24	36	45	-1	-1	-1	-1	-1	-1	-1	-1	-1	-1	-1	-1	-1	-1	-1
1556	5	0	0	12	24	36	45	-1	-1	-1	-1	-1	-1	-1	-1	-1	-1	-1	-1	-1	-1	-1
1560	4	0	0	12	24	36	45	-1	-1	-1	-1	-1	-1	-1	-1	-1	-1	-1	-1	-1	-1	-1
1561	5	0	0	12	24	36	45	-1	-1	-1	-1	-1	-1	-1	-1	-1	-1	-1	-1	-1	-1	-1
1565	4	0	0	12	24	35	-1	-1	-1	-1	-1	-1	-1	-1	-1	-1	-1	-1	-1	-1	-1	-1
1566	4	0	0	12	24	36	45	-1	-1	-1	-1	-1	-1	-1	-1	-1	-1	-1	-1	-1	-1	-1
1570	5	0	1	13	25	30	37	46	-1	-1	-1	-1	-1	-1	-1	-1	-1	-1	-1	-1	-1	-1
1571	5	0	1	13	25	30	37	46	-1	-1	-1	-1	-1	-1	-1	-1	-1	-1	-1	-1	-1	-1
1575	5	0	1	13	25	30	37	46	-1	-1	-1	-1	-1	-1	-1	-1	-1	-1	-1	-1	-1	-1
1576	5	0	1	13	25	30	37	46	-1	-1	-1	-1	-1	-1	-1	-1	-1	-1	-1	-1	-1	-1
1580	5	0	1	13	25	30	37	46	-1	-1	-1	-1	-1	-1	-1	-1	-1	-1	-1	-1	-1	-1
1581	5	0	1	13	25	30	38	47	-1	-1	-1	-1	-1	-1	-1	-1	-1	-1	-1	-1	-1	-1
1585	5	0	1	13	25	30	37	46	-1	-1	-1	-1	-1	-1	-1	-1	-1	-1	-1	-1	-1	-1
1586	5	0	1	13	25	30	38	47	-1	-1	-1	-1	-1	-1	-1	-1	-1	-1	-1	-1	-1	-1
1590	5	0	1	13	25	30	38	47	-1	-1	-1	-1	-1	-1	-1	-1	-1	-1	-1	-1	-1	-1
1591	5	0	1	13	25	30	38	47	-1	-1	-1	-1	-1	-1	-1	-1	-1	-1	-1	-1	-1	-1
1595	5	0	1	13	25	30	38	47	-1	-1	-1	-1	-1	-1	-1	-1	-1	-1	-1	-1	-1	-1
1596	5	0	1	13	25	30	38	47	-1	-1	-1	-1	-1	-1	-1	-1	-1	-1	-1	-1	-1	-1
1600	5	0	1	13	25	30	38	47	-1	-1	-1	-1	-1	-1	-1	-1	-1	-1	-1	-1	-1	-1
1601	6	0	1	13	25	30	38	47	-1	-1	-1	-1	-1	-1	-1	-1	-1	-1	-1	-1	-1	-1
1605	5	0	1	13	25	30	38	47	-1	-1	-1	-1	-1	-1	-1	-1	-1	-1	-1	-1	-1	-1
1606	6	0	1	13	25	30	38	47	-1	-1	-1	-1	-1	-1	-1	-1	-1	-1	-1	-1	-1	-1
1610	6	0	1	13	25	30	38	47	-1	-1	-1	-1	-1	-1	-1	-1	-1	-1	-1	-1	-1	-1
1611	6	0	2	14	25	30	39	48	-1	-1	-1	-1	-1	-1	-1	-1	-1	-1	-1	-1	-1	-1
1615	6	0	1	13	25	30	38	47	-1	-1	-1	-1	-1	-1	-1	-1	-1	-1	-1	-1	-1	-1
1616	6	0	2	14	25	30	39	48	-1	-1	-1	-1	-1	-1	-1	-1	-1	-1	-1	-1	-1	-1
1620	6	0	1	13	25	30	38	47	-1	-1	-1	-1	-1	-1	-1	-1	-1	-1	-1	-1	-1	-1
1621	6	0	2	14	25	30	39	48	-1	-1	-1	-1	-1	-1	-1	-1	-1	-1	-1	-1	-1	-1
1625	6	0	2	14	25	30	39	48	-1	-1	-1	-1	-1	-1	-1	-1	-1	-1	-1	-1	-1	-1
1626	6	0	2	14	25	30	39	48	-1	-1	-1	-1	-1	-1	-1	-1	-1	-1	-1	-1	-1	-1
1630	6	0	2	14	25	30	39	48	-1	-1	-1	-1	-1	-1	-1	-1	-1	-1	-1	-1	-1	-1
1631	6	0	2	14	25	30	39	48	-1	-1	-1	-1	-1	-1	-1	-1	-1	-1	-1	-1	-1	-1
1635	6	0	2	14	25	30	39	48	-1	-1	-1	-1	-1	-1	-1	-1	-1	-1	-1	-1	-1	-1
1636	6	0	2	14	25	30	39	48	-1	-1	-1	-1	-1	-1	-1	-1	-1	-1	-1	-1	-1	-1
1640	6	0	2	14	25	30	39	48	-1	-1	-1	-1	-1	-1	-1	-1	-1	-1	-1	-1	-1	-1
1641	6	0	2	14	25	30	40	49	-1	-1	-1	-1	-1	-1	-1	-1	-1	-1	-1	-1	-1	-1
1645	6	0	2	14	25	30	39	48	-1	-1	-1	-1	-1	-1	-1	-1	-1	-1	-1	-1	-1	-1
1646	6	0	2	14	25	30	39	48	-1	-1	-1	-1	-1	-1	-1	-1	-1	-1	-1	-1	-1	-1
1650	6	0	2	14	25	30	40	49	-1	-1	-1	-1	-1	-1	-1	-1	-1	-1	-1	-1	-1	-1
1651	6	0	2	14	25	30	40	49	-1	-1	-1	-1	-1	-1	-1	-1	-1	-1	-1	-1	-1	-1
1655	6	0	2	14	25	30	40	49	-1	-1	-1	-1	-1	-1	-1	-1	-1	-1	-1	-1	-1	-1
1656	6	0	2	14	25	30	40	49	-1	-1	-1	-1	-1	-1	-1	-1	-1	-1	-1	-1	-1	-1
1660	8	0	2	14	25	30	40	49	-1	-1	-1	-1	-1	-1	-1	-1	-1	-1	-1	-1	-1	-1
1661	8	0	3	15	26	31	41	50	-1	-1	-1	-1	-1	-1	-1	-1	-1	-1	-1	-1	-1	-1
1665	6	0	2	14	25	30	40	49	-1	-1	-1	-1	-1	-1	-1	-1	-1	-1	-1	-1	-1	-1
1666	6	0	2	14	25	30	40	49	-1	-1	-1	-1	-1	-1	-1	-1	-1	-1	-1	-1	-1	-1
1670	8	0	3	15	26	31	41	50	-1	-1	-1	-1	-1	-1	-1	-1	-1	-1	-1	-1	-1	-1
1671	8	0	3	15	26	31	41	50	-1	-1	-1	-1	-1	-1	-1	-1	-1	-1	-1	-1	-1	-1
1675	8	0	3	15	26	31	41	50	-1	-1	-1	-1	-1	-1	-1	-1	-1	-1	-1	-1	-1	-1
1676	8	0	3	15	26	31	41	50	-1	-1	-1	-1	-1	-1	-1	-1	-1	-1	-1	-1	-1	-1
1680	8	0	3	15	26	31	41	50	-1	-1	-1	-1	-1	-1	-1	-1	-1	-1	-1	-1	-1	-1
1681	8	0	3	15	26	31	41	50	-1	-1	-1	-1	-1	-1	-1	-1	-1	-1	-1	-1	-1	-1
1685	8	0	3	15	26	31	41	50	-1	-1	-1	-1	-1	-1	-1	-1	-1	-1	-1	-1	-1	-1
1686	8	0	3	15	26	31	41	50	-1	-1	-1	-1	-1	-1	-1	-1	-1	-1	-1	-1	-1	-1
1690	8	0	3	15	26	31	41	50	-1	-1	-1	-1	-1	-1	-1	-1	-1	-1	-1	-1	-1	-1
1691	8	0	3	15	26	31	41	50	-1	-1	-1	-1	-1	-1	-1	-1	-1	-1	-1	-1	-1	-1
1695	8	0	3	15	26	31	41	50	-1	-1	-1	-1	-1	-1	-1	-1	-1	-1	-1	-1	-1	-1
1696	8	0	3	15	26	31	41	50	-1	-1	-1	-1	-1	-1	-1	-1	-1	-1	-1	-1	-1	-1
1700	8	0	3	15	26	31	42	51	-1	-1	-1	-1	-1	-1	-1	-1	-1	-1	-1	-1	-1	-1
1701	8	0	3	15	26	31	42	51	-1	-1	-1	-1	-1	-1	-1	-1	-1	-1	-1	-1	-1	-1
1705	8	0	3	15	26	31	42	51	-1	-1	-1	-1	-1	-1	-1	-1	-1	-1	-1	-1	-1	-1
1706	8	0	3	15	26	31	42	51	-1	-1	-1	-1	-1	-1	-1	-1	-1	-1	-1	-1	-1	-1
1710	8	0	3	15	26	31	42	51	-1	-1	-1	-1	-1	-1	-1	-1	-1	-1	-1	-1	-1	-1
1711	10	0	3	15	26	31	42	51	-1	-1	-1	-1	-1	-1	-1	-1	-1	-1	-1	-1	-1	-1
1715	10	0	4	16	27	32	43	52	-1	-1	-1	-1	-1	-1	-1	-1	-1	-1	-1	-1	-1	-1
1716	10	0	4	16	27	32	43	52	-1	-1	-1	-1	-1	-1	-1	-1	-1	-1	-1	-1	-1	-1
1720	10	0	4	16	27	32	43	52	-1	-1	-1	-1	-1	-1	-1	-1	-1	-1	-1	-1	-1	-1
1721	10	0	4	16	27	32	43	52	-1	-1	-1	-1	-1	-1	-1	-1	-1	-1	-1	-1	-1	-1
1725	10	0	4	16	27	32	43	52	-1	-1	-1	-1	-1	-1	-1	-1	-1	-1	-1	-1	-1	-1
1726	10	0	4	16	27	32	43	52	-1	-1	-1	-1	-1	-1	-1	-1	-1	-1	-1	-1	-1	-1
1730	10	0	4	16	27	32	43	52	-1	-1	-1	-1	-1	-1	-1	-1	-1	-1	-1	-1	-1	-1
1731	10	0	4	16	27	32	43	52	-1	-1	-1	-1	-1	-1	-1	-1	-1	-1	-1	-1	-1	-1
1735	10	0	4	16	27	32	43	52	-1	-1	-1	-1	-1	-1	-1	-1	-1	-1	-1	-1	-1	-1
1736	10	0	4	16	27	32	43	52	-1	-1	-1	-1	-1	-1	-1	-1	-1	-1	-1	-1	-1	-1
1740	10	0	4	16	27	32	43	52	-1	-1	-1	-1	-1	-1	-1	-1	-1	-1	-1	-1	-1	-1
1741	10	0	4	16	27	32	43	52	-1	-1	-1	-1	-1	-1	-1	-1	-1	-1	-1	-1	-1	-1
1745	10	0	4	16	27	32	44	53	-1	-1	-1	-1	-1	-1	-1	-1	-1	-1	-1	-1	-1	-1
1746	13	0	4	16	27	32	44	53	-1	-1	-1	-1	-1	-1	-1	-1	-1	-1	-1	-1	-1	-1
1750	10	0	4	16	27	32	44	53	-1	-1	-1	-1	-1	-1	-1	-1	-1	-1	-1	-1	-1	-1
1751	10	0	4	16	27	32	44	53	-1	-1	-1	-1	-1	-1	-1	-1	-1	-1	-1	-1	-1	-1
1755	10	0	4	16	27	32	44	53	-1	-1	-1	-1	-1	-1	-1	-1	-1	-1	-1	-1	-1	-1
1756	10	0	4	16	27	32	44	53	-1	-1	-1	-1	-1	-1	-1	-1	-1	-1	-1	-1	-1	-1
1760	13	0	5	17	27	32	54	-1	-1	-1	-1	-1	-1	-1	-1	-1	-1	-1	-1	-1	-1	-1
1761	13	0	5	17	27	32	54	-1	-1	-1	-1	-1	-1	-1	-1	-1	-1	-1	-1	-1	-1	-1
1765	13	0	5	17	27	32	54	-1	-1	-1	-1	-1	-1	-1	-1	-1	-1	-1	-1	-1	-1	-1
1766	13	0	5	17	27	32	54	-1	-1	-1	-1	-1	-1	-1	-1	-1	-1	-1	-1	-1	-1	-1
1770	13	0	5	17	27	32	54	-1	-1	-1	-1	-1	-1	-1	-1	-1	-1	-1	-1	-1	-1	-1
1771	16	0	5	17	27	32	54	-1	-1	-1	-1	-1	-1	-1	-1	-1	-1	-1	-1	-1	-1	-1
1775	13	0	5	17	27	32	54	-1	-1	-1	-1	-1	-1	-1	-1	-1	-1	-1	-1	-1	-1	-1
1776	13	0	5	17	27	32	54	-1	-1	-1	-1	-1	-1	-1	-1	-1	-1	-1	-1	-1	-1	-1
1780	13	0	5	17	27	32	54	-1	-1	-1	-1	-1	-1	-1	-1	-1	-1	-1	-1	-1	-1	-1
1781	13	0	5	17	27	32	54	-1	-1	-1	-1	-1	-1	-1	-1	-1	-1	-1	-1	-1	-1	-1
1785	13	0	5	17	27	32	54	-1	-1	-1	-1	-1	-1	-1	-1	-1	-1	-1	-1	-1	-1	-1
1786	13	0	5	17	27	32	54	-1	-1	-1	-1	-1	-1	-1	-1	-1	-1	-1	-1	-1	-1	-1
1790	16	0	5	17	27	32	-1	-1	-1	-1	-1	-1	-1	-1	-1	-1	-1	-1	-1	-1	-1	-1
1791	16	0	5	17	27	32	-1	-1	-1	-1	-1	-1	-1	-1	-1	-1	-1	-1	-1	-1	-1	-1
1795	16	0	5	17	27	32	-1	-1	-1	-1	-1	-1	-1	-1	-1	-1	-1	-1	-1	-1	-1	-1
1796	21	0	5	17	27	32	-1	-1	-1	-1	-1	-1	-1	-1	-1	-1	-1	-1	-1	-1	-1	-1
1800	16	0	5	17	27	32	54	-1	-1	-1	-1	-1	-1	-1	-1	-1	-1	-1	-1	-1	-1	-1
1801	16	0	5	17	27	32	-1	-1	-1	-1	-1	-1	-1	-1	-1	-1	-1	-1	-1	-1	-1	-1
1805	16	0	5	17	27	32	-1	-1	-1	-1	-1	-1	-1	-1	-1	-1	-1	-1	-1	-1	-1	-1
1806	16	0	5	17	27	32	-1	-1	-1	-1	-1	-1	-1	-1	-1	-1	-1	-1	-1	-1	-1	-1
1810	8	0	3	15	26	31	41	50	-1	-1	-1	-1	-1	-1	-1	-1	-1	-1	-1	-1	-1	-1
1811	8	0	3	15	26	31	41	50	-1	-1	-1	-1	-1	-1	-1	-1	-1	-1	-1	-1	-1	-1
1815	21	0	6	18	28	33	-1	-1	-1	-1	-1	-1	-1	-1	-1	-1	-1	-1	-1	-1	-1	-1
1816	26	0	6	18	28	33	-1	-1	-1	-1	-1	-1	-1	-1	-1	-1	-1	-1	-1	-1	-1	-1
1820	21	0	6	18	28	33	-1	-1	-1	-1	-1	-1	-1	-1	-1	-1	-1	-1	-1	-1	-1	-1
1821	21	0	6	18	28	33	-1	-1	-1	-1	-1	-1	-1	-1	-1	-1	-1	-1	-1	-1	-1	-1
1825	21	0	6	18	28	33	-1	-1	-1	-1	-1	-1	-1	-1	-1	-1	-1	-1	-1	-1	-1	-1
1826	21	0	6	18	28	33	-1	-1	-1	-1	-1	-1	-1	-1	-1	-1	-1	-1	-1	-1	-1	-1
1830	21	0	6	18	28	33	-1	-1	-1	-1	-1	-1	-1	-1	-1	-1	-1	-1	-1	-1	-1	-1
1831	21	0	6	18	28	33	-1	-1	-1	-1	-1	-1	-1	-1	-1	-1	-1	-1	-1	-1	-1	-1
1835	21	0	6	18	28	33	-1	-1	-1	-1	-1	-1	-1	-1	-1	-1	-1	-1	-1	-1	-1	-1
1836	21	0	6	18	28	33	-1	-1	-1	-1	-1	-1	-1	-1	-1	-1	-1	-1	-1	-1	-1	-1
1840	26	0	6	18	28	33	-1	-1	-1	-1	-1	-1	-1	-1	-1	-1	-1	-1	-1	-1	-1	-1
1841	26	0	6	18	28	33	-1	-1	-1	-1	-1	-1	-1	-1	-1	-1	-1	-1	-1	-1	-1	-1
1845	26	0	6	18	28	33	-1	-1	-1	-1	-1	-1	-1	-1	-1	-1	-1	-1	-1	-1	-1	-1
1846	26	0	6	18	28	33	-1	-1	-1	-1	-1	-1	-1	-1	-1	-1	-1	-1	-1	-1	-1	-1
1850	26	0	6	18	28	33	-1	-1	-1	-1	-1	-1	-1	-1	-1	-1	-1	-1	-1	-1	-1	-1
1851	26	0	6	18	28	33	-1	-1	-1	-1	-1	-1	-1	-1	-1	-1	-1	-1	-1	-1	-1	-1
1855	26	0	6	18	28	33	-1	-1	-1	-1	-1	-1	-1	-1	-1	-1	-1	-1	-1	-1	-1	-1
1856	33	0	6	18	28	33	-1	-1	-1	-1	-1	-1	-1	-1	-1	-1	-1	-1	-1	-1	-1	-1
1860	33	0	7	19	29	34	-1	-1	-1	-1	-1	-1	-1	-1	-1	-1	-1	-1	-1	-1	-1	-1
1861	41	0	7	19	29	34	-1	-1	-1	-1	-1	-1	-1	-1	-1	-1	-1	-1	-1	-1	-1	-1
1865	33	0	7	19	29	34	-1	-1	-1	-1	-1	-1	-1	-1	-1	-1	-1	-1	-1	-1	-1	-1
1866	33	0	7	19	29	34	-1	-1	-1	-1	-1	-1	-1	-1	-1	-1	-1	-1	-1	-1	-1	-1
1870	33	0	7	19	29	34	-1	-1	-1	-1	-1	-1	-1	-1	-1	-1	-1	-1	-1	-1	-1	-1
1871	33	0	7	19	29	34	-1	-1	-1	-1	-1	-1	-1	-1	-1	-1	-1	-1	-1	-1	-1	-1
1875	33	0	7	19	29	34	-1	-1	-1	-1	-1	-1	-1	-1	-1	-1	-1	-1	-1	-1	-1	-1
1876	41	0	7	19	29	34	-1	-1	-1	-1	-1	-1	-1	-1	-1	-1	-1	-1	-1	-1	-1	-1
1880	33	0	7	19	29	34	-1	-1	-1	-1	-1	-1	-1	-1	-1	-1	-1	-1	-1	-1	-1	-1
1881	33	0	7	19	29	34	-1	-1	-1	-1	-1	-1	-1	-1	-1	-1	-1	-1	-1	-1	-1	-1
1885	41	0	7	19	29	34	-1	-1	-1	-1	-1	-1	-1	-1	-1	-1	-1	-1	-1	-1	-1	-1
1886	41	0	7	19	29	34	-1	-1	-1	-1	-1	-1	-1	-1	-1	-1	-1	-1	-1	-1	-1	-1
1890	41	0	7	19	29	34	-1	-1	-1	-1	-1	-1	-1	-1	-1	-1	-1	-1	-1	-1	-1	-1
1891	41	0	7	19	29	34	-1	-1	-1	-1	-1	-1	-1	-1	-1	-1	-1	-1	-1	-1	-1	-1
1895	41	0	7	19	29	34	-1	-1	-1	-1	-1	-1	-1	-1	-1	-1	-1	-1	-1	-1	-1	-1
1896	41	0	7	19	29	34	-1	-1	-1	-1	-1	-1	-1	-1	-1	-1	-1	-1	-1	-1	-1	-1
1900	41	0	7	19	29	34	-1	-1	-1	-1	-1	-1	-1	-1	-1	-1	-1	-1	-1	-1	-1	-1
1901	51	0	7	19	29	34	-1	-1	-1	-1	-1	-1	-1	-1	-1	-1	-1	-1	-1	-1	-1	-1
1905	51	0	8	20	29	34	-1	-1	-1	-1	-1	-1	-1	-1	-1	-1	-1	-1	-1	-1	-1	-1
1906	51	0	8	20	29	34	-1	-1	-1	-1	-1	-1	-1	-1	-1	-1	-1	-1	-1	-1	-1	-1
1910	51	0	8	20	29	34	-1	-1	-1	-1	-1	-1	-1	-1	-1	-1	-1	-1	-1	-1	-1	-1
1911	51	0	8	20	29	34	-1	-1	-1	-1	-1	-1	-1	-1	-1	-1	-1	-1	-1	-1	-1	-1
1915	51	0	8	20	29	34	-1	-1	-1	-1	-1	-1	-1	-1	-1	-1	-1	-1	-1	-1	-1	-1
1916	51	0	8	20	29	34	-1	-1	-1	-1	-1	-1	-1	-1	-1	-1	-1	-1	-1	-1	-1	-1
1920	51	0	8	20	29	34	-1	-1	-1	-1	-1	-1	-1	-1	-1	-1	-1	-1	-1	-1	-1	-1
1921	51	0	8	20	29	34	-1	-1	-1	-1	-1	-1	-1	-1	-1	-1	-1	-1	-1	-1	-1	-1
1925	51	0	8	20	29	34	-1	-1	-1	-1	-1	-1	-1	-1	-1	-1	-1	-1	-1	-1	-1	-1
1926	51	0	8	20	29	34	-1	-1	-1	-1	-1	-1	-1	-1	-1	-1	-1	-1	-1	-1	-1	-1
1930	61	0	8	20	29	34	-1	-1	-1	-1	-1	-1	-1	-1	-1	-1	-1	-1	-1	-1	-1	-1
1931	61	0	8	20	29	34	-1	-1	-1	-1	-1	-1	-1	-1	-1	-1	-1	-1	-1	-1	-1	-1
1935	51	0	8	20	29	34	-1	-1	-1	-1	-1	-1	-1	-1	-1	-1	-1	-1	-1	-1	-1	-1
1936	51	0	8	20	29	34	-1	-1	-1	-1	-1	-1	-1	-1	-1	-1	-1	-1	-1	-1	-1	-1
1940	51	0	8	20	29	34	-1	-1	-1	-1	-1	-1	-1	-1	-1	-1	-1	-1	-1	-1	-1	-1
1941	51	0	8	20	29	34	-1	-1	-1	-1	-1	-1	-1	-1	-1	-1	-1	-1	-1	-1	-1	-1
1945	51	0	8	20	29	34	-1	-1	-1	-1	-1	-1	-1	-1	-1	-1	-1	-1	-1	-1	-1	-1
1946	51	0	8	20	29	34	-1	-1	-1	-1	-1	-1	-1	-1	-1	-1	-1	-1	-1	-1	-1	-1
1950	51	0	8	20	29	34	-1	-1	-1	-1	-1	-1	-1	-1	-1	-1	-1	-1	-1	-1	-1	-1
1951	61	0	8	20	29	34	-1	-1	-1	-1	-1	-1	-1	-1	-1	-1	-1	-1	-1	-1	-1	-1
1955	61	0	8	20	29	34	-1	-1	-1	-1	-1	-1	-1	-1	-1	-1	-1	-1	-1	-1	-1	-1
1956	61	0	8	20	29	34	-1	-1	-1	-1	-1	-1	-1	-1	-1	-1	-1	-1	-1	-1	-1	-1
1960	51	0	8	20	29	34	-1	-1	-1	-1	-1	-1	-1	-1	-1	-1	-1	-1	-1	-1	-1	-1
1961	51	0	8	20	29	34	-1	-1	-1	-1	-1	-1	-1	-1	-1	-1	-1	-1	-1	-1	-1	-1
1965	61	0	8	20	29	34	-1	-1	-1	-1	-1	-1	-1	-1	-1	-1	-1	-1	-1	-1	-1	-1
1966	61	0	8	20	29	34	-1	-1	-1	-1	-1	-1	-1	-1	-1	-1	-1	-1	-1	-1	-1	-1
1970	61	0	8	20	29	34	-1	-1	-1	-1	-1	-1	-1	-1	-1	-1	-1	-1	-1	-1	-1	-1
1971	61	0	8	20	29	34	-1	-1	-1	-1	-1	-1	-1	-1	-1	-1	-1	-1	-1	-1	-1	-1
1975	74	0	8	20	29	34	-1	-1	-1	-1	-1	-1	-1	-1	-1	-1	-1	-1	-1	-1	-1	-1
1976	74	0	9	21	29	34	-1	-1	-1	-1	-1	-1	-1	-1	-1	-1	-1	-1	-1	-1	-1	-1
1980	74	0	9	21	29	34	-1	-1	-1	-1	-1	-1	-1	-1	-1	-1	-1	-1	-1	-1	-1	-1
1981	74	0	9	21	29	34	-1	-1	-1	-1	-1	-1	-1	-1	-1	-1	-1	-1	-1	-1	-1	-1
1985	74	0	9	21	29	34	-1	-1	-1	-1	-1	-1	-1	-1	-1	-1	-1	-1	-1	-1	-1	-1
1986	74	0	9	21	29	34	-1	-1	-1	-1	-1	-1	-1	-1	-1	-1	-1	-1	-1	-1	-1	-1
1990	74	0	9	21	29	34	-1	-1	-1	-1	-1	-1	-1	-1	-1	-1	-1	-1	-1	-1	-1	-1
1991	88	0	9	21	29	34	-1	-1	-1	-1	-1	-1	-1	-1	-1	-1	-1	-1	-1	-1	-1	-1
1995	88	0	9	21	29	34	-1	-1	-1	-1	-1	-1	-1	-1	-1	-1	-1	-1	-1	-1	-1	-1
1996	88	0	9	21	29	34	-1	-1	-1	-1	-1	-1	-1	-1	-1	-1	-1	-1	-1	-1	-1	-1
2000	88	0	9	21	29	34	-1	-1	-1	-1	-1	-1	-1	-1	-1	-1	-1	-1	-1	-1	-1	-1
2001	88	0	9	21	29	34	-1	-1	-1	-1	-1	-1	-1	-1	-1	-1	-1	-1	-1	-1	-1	-1
2005	88	0	9	21	29	34	-1	-1	-1	-1	-1	-1	-1	-1	-1	-1	-1	-1	-1	-1	-1	-1
2006	88	0	9	21	29	34	-1	-1	-1	-1	-1	-1	-1	-1	-1	-1	-1	-1	-1	-1	-1	-1
2010	88	0	9	21	29	34	-1	-1	-1	-1	-1	-1	-1	-1	-1	-1	-1	-1	-1	-1	-1	-1
2011	88	0	9	21	29	34	-1	-1	-1	-1	-1	-1	-1	-1	-1	-1	-1	-1	-1	-1	-1	-1
2015	88	0	9	21	29	34	-1	-1	-1	-1	-1	-1	-1	-1	-1	-1	-1	-1	-1	-1	-1	-1
2016	106	0	9	21	29	34	-1	-1	-1	-1	-1	-1	-1	-1	-1	-1	-1	-1	-1	-1	-1	-1
2020	74	0	9	21	29	34	-1	-1	-1	-1	-1	-1	-1	-1	-1	-1	-1	-1	-1	-1	-1	-1
2021	74	0	9	21	29	34	-1	-1	-1	-1	-1	-1	-1	-1	-1	-1	-1	-1	-1	-1	-1	-1
