INT	INT	FLOAT	FLOAT
INT	INT	FLOAT	FLOAT
1	11	32.2305	271.2807
2	11	45.0332	254.1333
3	11	55.1921	262.5457
4	11	56.9777	270.2050
5	11	62.8809	285.3803
6	11	78.4164	228.3816
7	11	72.2577	233.3779
8	11	34.0276	249.1499
9	11	43.4382	241.7552
10	11	32.3799	236.7395
11	11	39.4744	190.6436
12	11	52.4683	194.8545
13	11	34.2142	145.9564
14	11	32.9042	155.6719
15	11	95.3460	157.7791
16	11	106.9685	156.6764
17	11	37.5377	122.9503
18	11	41.1946	133.3498
19	11	63.0755	111.3163
20	11	36.2964	116.4420
21	11	40.3541	113.0287
22	11	83.1323	92.4455
23	11	32.7734	86.2176
24	11	45.0106	89.1331
25	11	78.6613	75.0976
26	11	27.4026	72.4717
27	11	64.1808	77.8997
28	11	63.7457	74.0404
29	11	42.0990	31.1076
30	11	35.9148	32.3774
31	11	47.1015	38.8470
32	11	44.6513	50.1429
33	11	100.9223	62.7046
34	11	101.7109	74.3661
35	11	110.4969	95.7919
36	11	124.2237	95.1924
37	11	134.9068	81.3063
38	11	169.4188	34.0536
39	11	169.9040	63.1530
40	11	197.3053	62.1268
41	11	236.3521	54.5633
42	11	203.1205	77.2094
43	11	192.2303	75.9538
44	11	188.4816	92.2712
45	11	207.6917	106.3010
46	11	257.4033	56.2179
47	11	252.8609	94.9304
48	11	246.6822	98.7374
49	11	221.7460	121.7906
50	11	186.3012	130.7042
51	11	197.2519	126.5888
52	11	208.6419	160.5609
53	11	207.1778	156.6195
54	11	233.2644	119.7841
55	11	244.2126	125.8940
56	11	290.8846	107.9116
57	11	276.5044	129.9800
58	11	231.1688	203.0331
59	11	235.0692	212.4644
60	11	285.1054	205.7099
61	11	241.8053	239.5750
62	11	264.4103	220.4116
63	11	236.0864	282.5017
64	11	240.4749	270.4518
65	11	286.8676	288.7160
66	11	193.5714	277.3960
67	11	193.6392	265.7621
68	11	190.2046	252.2920
69	11	158.6627	239.7707
70	11	149.5071	270.6935
71	11	133.3104	269.5488
72	11	123.6321	287.1960
73	11	105.9330	273.1613
74	11	100.6902	216.7369
75	11	119.5219	173.9574
76	12	111.6747	138.5941
77	12	107.2372	135.6221
78	12	73.4085	150.5233
79	12	34.7895	152.2010
80	12	67.4006	111.6773
81	12	133.1881	197.1041
82	12	173.1299	229.3992
83	12	194.6688	260.9258
84	12	199.2703	270.7084
85	12	236.4338	277.4604
86	12	278.1111	291.9087
87	12	269.2411	240.9758
88	12	234.2568	200.6629
89	12	257.3655	205.7950
90	12	257.1432	211.8573
91	12	275.7560	194.1327
92	12	284.4873	170.5743
93	12	271.5067	166.8079
94	12	253.5706	129.9096
95	12	274.9233	68.9026
96	12	178.7763	53.7854
97	12	191.5262	52.9268
98	12	232.1521	155.5666
99	12	222.1984	171.5315
100	12	226.8067	172.4587
101	124	280.6461	240.7068
102	124	284.9651	245.0696
103	124	288.3916	253.0868
104	124	254.4424	282.7040
105	124	250.5936	253.1876
106	124	261.8150	238.7582
107	124	247.6175	229.8179
108	124	243.4967	213.9446
109	124	251.6009	206.4026
110	124	248.6666	191.3207
111	124	198.2202	172.6865
112	124	199.2273	169.6367
113	124	190.8970	171.9906
114	124	188.7323	163.0099
115	124	169.9599	241.4363
116	124	155.8087	261.4523
117	124	146.5580	255.7184
118	124	134.2510	246.1953
119	124	133.9381	247.8817
120	124	137.1267	248.2006
121	124	138.9766	258.0762
122	124	132.7588	259.1880
123	124	124.2871	261.8771
124	124	118.7931	264.4021
125	124	105.8325	250.4370
126	124	101.5285	265.0104
127	124	79.6644	274.5193
128	124	66.2795	263.6232
129	124	75.5137	255.1187
130	124	36.9872	263.2327
131	124	36.2118	235.4445
132	124	42.5340	198.9502
133	124	55.0451	193.6002
134	124	50.2649	180.1030
135	124	88.9654	196.9989
136	124	99.1690	208.5547
137	124	59.2389	98.6047
138	124	77.8208	100.6698
139	124	93.5121	45.1840
140	124	139.9708	56.5165
141	124	100.4561	76.7714
142	124	97.4392	68.0339
143	124	115.6972	67.7822
144	124	233.1240	77.6804
145	124	215.8107	84.5234
146	124	232.4236	93.8268
147	124	239.4550	54.2765
148	124	281.8906	70.6210
149	124	284.8322	100.6503
150	124	256.7960	107.8974
151	124	241.5502	150.2432
152	124	248.3370	191.8910
153	124	251.6854	205.5981
154	124	247.2985	209.0903
155	124	247.4929	230.0882
156	124	277.3030	287.8396
157	124	161.5414	222.2060
158	124	157.4796	224.2768
159	124	117.1461	182.0479
160	124	99.8519	208.7261
161	125	72.2003	195.7373
162	125	42.5292	198.8414
163	125	43.8712	231.2813
164	125	64.1043	138.5770
165	125	78.4943	100.8922
166	125	97.5531	67.5613
167	125	66.2708	44.0244
168	125	94.6882	44.1705
169	125	127.0957	42.3317
170	125	139.6480	56.1176
171	125	187.7413	53.6980
172	125	160.7794	60.1942
173	125	238.2305	54.0578
174	125	231.5766	77.9083
175	125	206.0160	100.5181
176	125	194.0378	125.9602
177	125	153.4577	132.3087
178	125	120.7023	147.1300
179	125	108.4860	159.0619
180	125	117.7270	181.1990
181	126	105.5204	196.6000
182	126	95.6609	211.4738
183	126	58.5894	207.4557
184	126	51.3462	178.3905
185	126	63.0204	137.3717
186	126	118.1145	99.1750
187	126	115.9077	68.6035
188	126	159.8682	35.8216
189	126	223.2220	61.6219
190	126	106.9980	84.6326
191	126	106.0432	62.0191
192	126	38.0901	84.7517
193	126	48.9498	83.0713
194	126	37.7208	155.9125
195	126	41.7627	178.6727
196	126	62.2017	200.7575
197	126	76.6955	229.1729
198	126	54.8474	260.3492
199	126	122.7072	274.3545
200	126	191.3461	268.6750
201	211	43.0375	129.6952
202	212	41.1147	126.0954
