INT	INT	FLOAT	FLOAT
INT	INT	FLOAT	FLOAT
1	1	86.1961	63.9965
2	1	90.0525	67.3946
3	1	85.2477	58.4338
4	1	63.9242	51.0424
5	1	40.9972	37.3264
6	1	50.6018	96.1761
7	1	36.0441	110.1733
8	1	65.2605	131.5047
9	1	45.9669	189.327
10	1	59.5751	252.6639
11	1	57.2172	278.2565
12	1	48.8107	258.8651
13	1	48.1007	257.5028
14	1	75.3311	212.4035
15	1	124.6766	279.2465
16	1	138.2195	282.7093
17	1	147.4886	253.6223
18	1	146.4436	247.7029
19	1	148.2957	246.9729
20	1	150.2237	247.5409
21	1	144.1598	250.0941
22	1	144.2851	238.4258
23	1	142.4203	237.5915
24	1	106.8246	245.4302
25	1	105.5738	243.7114
26	1	103.571	240.5074
27	1	164.8982	249.973
28	1	163.2085	247.4066
29	1	222.3573	253.8483
30	1	227.6943	253.307
31	1	232.754	254.6902
32	1	236.6697	258.6297
33	1	239.6556	268.1552
34	1	253.2464	279.6806
35	1	257.6216	279.5511
36	1	264.6617	278.9393
37	1	276.5334	266.1377
38	1	264.5794	253.947
39	1	274.5635	244.0207
40	1	272.367	247.1263
41	1	238.3577	236.2349
42	1	238.1122	232.3844
43	1	236.6216	222.6967
44	1	234.5397	223.9211
45	1	231.0163	225.0733
46	1	227.5991	226.1435
47	1	224.4034	227.0787
48	1	218.1614	223.4407
49	1	231.1577	204.0433
50	1	234.6151	211.5712
51	1	224.9885	216.5496
52	1	228.2912	190.3513
53	1	219.474	174.4523
54	1	223.098	171.9753
55	1	221.8048	170.4303
56	1	246.2553	144.1136
57	1	246.3727	159.4118
58	1	261.5766	127.2533
59	1	283.0046	77.4556
60	1	264.6044	76.0267
61	1	279.2346	45.6127
62	1	279.3958	41.4558
63	1	262.7195	49.6524
64	1	268.5318	46.3973
65	1	266.2051	51.526
66	1	249.7618	36.2758
67	1	215.5585	64.1613
68	1	190.0378	73.916
69	1	196.1553	72.5943
70	1	163.1343	92.8258
71	1	175.8457	78.7044
72	1	129.4139	91.8267
73	1	130.2639	88.3333
74	1	50.0961	104.7569
75	1	48.8222	113.3257
76	1	59.7591	230.0803
77	1	59.1409	281.7772
78	1	86.1856	282.9402
79	1	115.0245	180.3774
80	1	113.6799	186.2801
81	1	149.5063	281.3004
82	1	186.6534	262.6469
83	1	175.4047	243.6169
84	1	186.9359	235.9884
85	1	194.0536	199.8879
86	1	210.0182	219.8732
87	1	223.7164	205.8106
88	1	278.204	224.1114
89	1	170.7338	157.9841
90	1	170.7055	147.3104
91	1	202.1697	141.9087
92	1	236.2547	92.7951
93	1	238.2236	97.0532
94	1	253.2671	102.3804
95	1	223.2084	37.2441
96	1	164.9859	104.3859
97	1	137.1531	86.682
98	1	120.4646	59.5723
99	1	136.9861	57.9145
100	1	131.6989	39.537
101	102	141.3377	37.6555
102	102	152.084	36.7806
103	102	125.1516	44.1646
104	102	86.584	54.4775
105	102	57.5625	95.4589
106	102	55.3263	102.4649
107	102	47.1809	84.7943
108	102	45.3972	86.6885
109	102	51.1225	61.6458
110	102	56.8397	52.0942
111	102	62.5236	52.4773
112	102	66.9861	42.9969
113	102	48.0389	41.2428
114	102	38.7655	74.6092
115	102	37.669	154.3422
116	102	39.4854	183.3817
117	102	39.636	204.0358
118	102	66.3871	199.5901
119	102	36.3686	213.3831
120	102	63.9814	255.8824
121	102	69.0587	242.426
122	102	71.7295	277.369
123	102	93.9053	277.1898
124	102	101.6407	275.6581
125	102	104.4889	276.8063
126	102	95.2183	251.2248
127	102	97.5668	256.0529
128	102	171.7195	282.4879
129	102	174.0559	284.2776
130	102	195.9194	278.1549
131	102	196.1776	262.0488
132	102	200.4606	273.6992
133	102	204.0748	278.6709
134	102	209.151	276.2726
135	102	219.3066	265.0635
136	102	229.5521	261.5915
137	102	228.6595	279.8268
138	102	234.3726	281.2243
139	102	200.9934	227.7591
140	102	190.6459	214.1557
141	102	184.7279	220.3035
142	102	180.0582	224.8268
143	102	171.1427	231.7208
144	102	166.2188	233.5934
145	102	152.8936	208.8405
146	102	72.6191	171.0965
147	102	160.9399	231.1317
148	102	148.9297	218.3014
149	102	182.6067	49.4367
150	102	173.5695	65.785
151	102	162.232	55.4538
152	102	145.6877	40.7185
153	102	145.1671	57.9236
154	102	138.3408	82.7026
155	102	143.6938	84.4646
156	102	150.7408	73.8734
157	102	151.8696	71.3355
158	102	157.6749	98.3103
159	102	170.7499	93.7298
160	102	172.4619	76.6153
161	103	212.8216	112.9801
162	103	281.2555	56.5008
163	103	278.0894	38.42
164	103	252.977	43.062
165	103	224.2949	46.3263
166	103	237.9483	124.9251
167	103	259.9841	135.23
168	103	284.5687	247.7486
169	103	269.25	218.141
170	103	267.8081	258.8277
171	103	212.8254	248.9677
172	103	150.8698	260.1028
173	103	149.5366	272.4067
174	103	125.9699	269.0405
175	103	129.8749	243.9995
176	103	125.5948	213.7845
177	103	85.0854	52.0276
178	103	138.2965	182.5083
179	103	124.3968	212.4718
180	103	133.7656	225.3872
181	105	124.9715	272.8405
182	105	150.8406	278.4982
183	105	151.7292	262.5163
184	105	132.8603	247.7418
185	105	133.4406	229.8271
186	105	128.0402	217.1259
187	105	113.1135	232.9117
188	105	139.479	185.1544
189	105	245.8721	226.0123
190	105	268.8659	223.6982
191	105	218.0297	172.6225
192	105	215.2063	154.9785
193	105	238.8341	130.877
194	105	214.9695	118.8955
195	105	265.854	109.6621
196	105	259.6724	141.2788
197	105	276.9089	74.3377
198	105	276.7537	39.1506
199	105	223.3857	50.5487
200	105	190.204	86.0674
201	201	89.4553	223.3055
202	201	91.3046	226.425
203	201	93.7614	231.186
204	202	78.7494	199.431
205	202	78.6294	190.2615
206	202	84.3132	180.3896
