INT	INT	FLOAT	FLOAT
INT	INT	FLOAT	FLOAT
1	5	41.7085	259.3756
2	5	45.2070	276.1371
3	5	68.0337	271.3275
4	5	102.0356	263.3393
5	5	97.9563	268.3254
6	5	173.4810	267.1307
7	5	182.3943	278.8924
8	5	203.0283	278.0311
9	5	219.1937	266.1058
10	5	222.1933	259.3380
11	5	220.9522	254.6258
12	5	198.4014	250.3627
13	5	210.6823	222.0934
14	5	214.2130	218.1261
15	5	229.0814	228.7014
16	5	268.9831	240.9526
17	5	245.7883	241.8738
18	5	252.3296	245.2926
19	5	256.2406	238.8328
20	5	199.1663	178.6252
21	5	208.0901	187.3970
22	5	200.4556	157.7973
23	5	45.2174	86.7594
24	5	44.9464	93.1744
25	5	48.5877	107.9544
26	5	42.4730	115.3019
27	5	39.2414	130.9633
28	5	37.1687	138.9421
29	5	47.3507	142.2335
30	5	50.8474	167.0552
31	5	54.0863	158.2945
32	5	70.3754	171.1017
33	5	72.4504	169.2912
34	5	75.0570	172.9949
35	5	70.9555	174.0123
36	5	75.5205	169.0187
37	5	99.8208	158.1829
38	5	105.9902	169.7511
39	5	107.0027	171.6466
40	5	107.2144	172.7618
41	5	107.8398	174.2338
42	5	107.4177	190.5038
43	5	106.2337	191.5779
44	5	143.3213	109.3634
45	5	146.6135	112.3448
46	5	151.1098	121.9825
47	5	136.1748	108.1816
48	5	131.4152	113.1675
49	5	130.6910	116.6781
50	5	136.7732	114.4813
51	5	134.6858	116.4114
52	5	132.9759	118.3108
53	5	141.5304	116.0714
54	5	123.1776	146.2993
55	5	133.9598	147.5900
56	5	136.1234	149.3874
57	5	146.3310	198.0370
58	5	212.2951	222.7438
59	5	209.3939	221.9076
60	5	208.4849	219.7943
61	5	223.6466	221.0756
62	5	224.0757	222.6715
63	5	222.4130	223.4241
64	5	221.6221	216.1104
65	5	222.1257	211.1823
66	5	223.2169	206.6117
67	5	217.0090	185.0980
68	5	211.5445	188.7653
69	5	209.6151	188.3709
70	5	211.9821	178.8915
71	5	211.1981	177.7796
72	5	208.7636	176.2609
73	5	206.0464	174.9511
74	5	204.6871	173.9402
75	5	202.3698	172.9423
76	5	201.2821	172.8392
77	5	200.1014	173.0720
78	5	198.4012	173.3005
79	5	197.4590	174.5214
80	5	82.9855	236.0963
81	5	82.0518	241.3464
82	5	80.7212	242.9865
83	5	78.8108	244.3500
84	5	74.5416	247.2823
85	5	73.2506	248.5713
86	5	41.9021	262.9382
87	5	42.5901	265.9590
88	5	43.8605	274.9240
89	5	46.5577	277.0318
90	5	48.4073	277.4802
91	5	97.4816	271.2630
92	5	97.2530	270.3644
93	5	103.5343	273.2199
94	5	102.2300	273.0501
95	5	106.6557	272.4782
96	5	103.5311	267.2608
97	5	105.1907	267.7553
98	5	122.1181	245.0803
99	5	124.7855	243.5563
100	5	122.5312	241.8961
101	109	221.0878	217.7643
102	109	190.8611	210.4460
103	109	232.2782	165.9897
104	109	202.4884	224.5307
105	109	176.2417	229.9867
106	109	173.6120	239.9155
107	109	144.8627	260.6903
108	109	141.4877	265.3103
109	109	138.3308	269.9938
110	109	144.6081	273.4024
111	109	147.1762	274.6085
112	109	152.4614	271.8993
113	109	89.6912	99.5241
114	109	85.9864	50.9897
115	109	91.4817	61.3191
116	109	120.0348	62.5128
117	109	135.7391	44.3423
118	109	131.3381	44.1339
119	109	216.6396	81.3792
120	109	216.7787	57.7592
121	110	215.5855	218.3938
122	110	223.6557	204.2115
123	110	59.0375	274.0373
124	110	43.9800	248.2743
125	110	64.4179	152.7484
126	110	82.9186	157.2953
127	110	95.5964	147.0095
128	110	82.8071	124.3897
129	110	72.0367	106.6743
130	110	49.7382	105.9826
131	110	100.9271	66.9316
132	110	170.6472	45.5148
133	110	188.2068	47.3242
134	110	223.7705	70.7834
135	110	273.1126	102.8741
136	110	268.5486	141.0708
137	110	265.4098	171.5007
138	110	247.9588	194.3752
139	110	249.5407	204.6228
140	110	266.8814	234.5654
141	111	62.8500	273.0180
142	111	64.9630	272.8134
143	111	65.8495	272.9718
144	111	60.1862	273.8081
145	111	82.0961	257.3305
146	111	83.5871	260.7113
147	111	85.3822	261.9344
148	111	82.6624	262.6599
149	111	81.2580	255.4289
150	111	84.1264	254.5029
151	111	98.2580	272.1116
152	111	100.8763	261.5758
153	111	98.6387	260.9355
154	111	97.9062	252.9188
155	111	99.4394	248.7191
156	111	102.6784	249.7671
157	111	101.8727	248.6962
158	111	102.6477	248.7381
159	111	103.9695	249.5979
160	111	116.8051	235.3912
161	111	117.7772	236.2521
162	111	119.9133	241.9148
163	111	119.0697	242.3573
164	111	118.9162	243.4269
165	111	119.1169	243.8616
166	111	128.4244	240.1921
167	111	128.9564	239.5594
168	111	153.6754	230.5273
169	111	152.8192	231.3352
170	111	150.8997	241.5739
171	111	149.9855	241.6101
172	111	167.5306	178.1355
173	111	192.1091	194.6938
174	111	184.9533	194.4920
175	111	186.2881	195.1109
176	111	174.1043	202.6879
177	111	172.7245	203.7821
178	111	176.8168	245.0833
179	111	177.9290	243.4562
180	111	176.7435	241.6371
181	111	173.2284	241.2738
182	111	163.9781	269.6746
183	111	166.2522	268.3299
184	111	168.5517	268.2224
185	111	170.9939	266.3468
186	111	189.2025	279.4299
187	111	238.8136	256.5393
188	111	239.5114	255.8931
189	111	240.4423	255.7719
190	111	240.9232	257.2368
191	111	239.7757	257.8626
192	111	239.8698	249.3686
193	111	240.8688	249.0288
194	111	240.9605	247.5667
195	111	239.5267	247.2033
196	111	246.9021	243.0044
197	111	248.9182	232.2128
198	111	221.7579	218.8522
199	111	220.2169	211.2537
200	111	221.8134	209.7657
201	205	88.6317	88.4073
202	205	170.3180	208.9549
