INT	INT	FLOAT	FLOAT
INT	INT	FLOAT	FLOAT
1	9	59.1415	75.1907
2	9	67.6480	42.7189
3	9	62.0200	47.2786
4	9	92.5695	37.9164
5	9	95.5629	54.7738
6	9	99.0618	59.8036
7	9	103.5237	53.2462
8	9	119.8856	44.0357
9	9	116.4597	36.1666
10	9	141.1198	35.5296
11	9	133.5472	41.9543
12	9	144.9015	50.3705
13	9	145.1472	71.0540
14	9	121.9555	107.9974
15	9	115.4526	122.3602
16	9	129.5132	133.7517
17	9	157.5370	123.0626
18	9	187.8557	119.0543
19	9	196.3580	122.2657
20	9	202.4843	114.5404
21	9	206.6657	134.9717
22	9	201.3436	141.1392
23	9	207.3302	142.6345
24	9	230.7440	160.7999
25	9	230.6460	197.4385
26	9	235.8300	211.4432
27	9	240.7109	228.9650
28	9	277.1975	240.5865
29	9	262.9039	246.1193
30	9	281.1998	207.2832
31	9	283.6271	195.0704
32	9	240.7729	161.3560
33	9	251.8386	151.4782
34	9	236.2698	130.9668
35	9	208.0669	182.0781
36	9	178.3629	197.4557
37	9	170.4730	214.6125
38	9	163.6852	203.9375
39	9	145.8128	191.3518
40	9	116.5010	193.7713
41	9	95.6442	185.7590
42	9	95.2524	180.0470
43	9	105.6485	172.2363
44	9	90.4929	226.7690
45	9	73.3047	247.3925
46	9	92.5163	277.7462
47	9	53.4053	265.3220
48	9	37.2645	258.2099
49	9	62.7313	250.2330
50	9	51.0353	233.5889
51	9	66.9180	187.1312
52	9	136.2696	259.7810
53	9	181.0842	279.5890
54	9	184.6856	248.1033
55	9	191.6760	251.1734
56	9	239.0353	257.2178
57	9	248.6379	264.8610
58	9	273.9545	277.1635
59	9	261.5309	281.0467
60	9	275.6889	261.0163
61	9	145.4724	219.3414
62	9	168.0053	221.7800
63	9	186.3248	169.2266
64	9	182.6327	167.9546
65	9	190.7829	146.3628
66	9	235.7218	60.6081
67	9	243.3743	73.2337
68	9	269.3618	85.7895
69	9	185.0617	63.6279
70	9	207.3502	40.1924
71	9	190.8318	44.7553
72	9	243.4459	105.9489
73	9	253.2052	70.2987
74	9	247.7299	46.6917
75	9	270.1359	55.8516
76	10	223.7543	68.2333
77	10	224.1905	103.6373
78	10	190.1740	195.0754
79	10	137.0609	241.1382
80	10	234.1155	281.4360
81	10	280.4863	270.1415
82	10	171.1826	221.0598
83	10	108.4933	207.9108
84	10	104.2923	273.4082
85	10	37.7260	182.4068
86	10	43.5549	150.0001
87	10	36.8178	128.2191
88	10	40.4070	99.3335
89	10	60.0866	99.7296
90	10	34.8151	62.2051
91	10	96.0949	56.1915
92	10	148.3113	54.7353
93	10	197.6496	55.3582
94	10	233.0667	179.1025
95	10	224.4933	204.4082
96	118	213.1915	44.8212
97	118	200.8915	39.0470
98	118	183.4439	39.6847
99	118	183.8216	59.0156
100	118	93.4244	55.6550
101	118	49.5220	69.3171
102	118	82.0890	86.9846
103	118	226.0427	125.6180
104	118	234.5173	130.7167
105	118	149.3703	131.3391
106	118	140.3083	124.4712
107	118	114.4510	106.4674
108	118	84.1294	87.0430
109	118	98.3671	144.8576
110	118	47.3032	126.0436
111	118	50.1180	151.4516
112	118	38.4430	159.1991
113	118	40.2573	185.1584
114	118	54.6153	208.6444
115	118	73.1082	203.5975
116	119	107.5121	57.1115
117	119	90.0967	54.3367
118	119	64.9386	62.8633
119	119	42.7524	60.8865
120	119	38.6690	105.7837
121	119	52.2314	139.1768
122	119	41.9730	159.6196
123	119	48.9332	176.6487
124	119	80.4853	190.9646
125	119	97.6497	205.6793
126	119	76.1446	220.2948
127	119	70.8107	275.0104
128	119	114.4022	267.1975
129	119	148.5076	272.0831
130	119	173.5715	246.5739
131	119	208.6771	238.9824
132	119	235.4440	242.9705
133	119	262.3173	224.5719
134	119	247.8539	205.7982
135	119	244.0089	170.1120
136	120	55.9165	47.3552
137	120	54.9444	70.7494
138	120	104.5920	58.7891
139	120	190.1299	63.3241
140	120	161.5562	64.6934
141	120	214.1924	57.2470
142	120	261.4771	76.2151
143	120	223.9757	134.4613
144	120	184.4772	136.2572
145	120	181.1939	161.4640
146	120	167.6593	168.3869
147	120	103.8576	122.2878
148	120	48.2748	118.6839
149	120	50.7120	161.0899
150	120	84.1851	185.6243
151	120	82.5463	213.9602
152	120	106.5660	186.8214
153	120	112.7189	211.0413
154	120	109.0124	213.6847
155	120	143.4383	219.7460
156	120	143.1143	220.8340
157	120	171.4056	230.6656
158	120	170.8281	231.8837
159	120	212.6097	253.8952
160	120	212.1960	255.4138
161	120	219.8831	257.5658
162	120	249.2557	198.7408
163	120	248.5974	200.0558
164	120	205.4314	261.7087
165	120	204.9285	262.7599
166	120	177.8810	264.2358
167	120	176.9397	266.0084
168	120	155.2490	259.0624
169	120	154.1684	260.5807
170	120	142.4175	242.5698
171	120	142.5201	243.8986
172	120	133.5903	239.0888
173	120	132.9601	240.4035
174	120	119.7513	259.1965
175	120	119.0753	261.3167
176	120	69.5163	263.5902
177	120	70.7371	264.1138
178	120	59.6759	250.6727
179	120	59.3333	251.3182
180	120	72.6861	212.6760
181	120	72.8928	213.8898
182	120	84.7583	181.7680
183	120	84.4997	183.1393
184	120	108.3756	180.6835
185	120	107.2057	182.6077
186	120	161.7162	156.8370
187	120	176.1082	143.6346
188	120	180.7897	154.6645
189	120	225.0098	136.1549
190	120	243.7496	132.2812
191	120	240.4326	131.0712
192	120	266.5818	119.3123
193	120	265.2905	124.1394
194	120	277.4978	93.8888
195	120	279.1108	92.7999
196	209	264.1707	173.8266
197	209	263.1045	100.7996
198	209	198.8905	97.9459
199	209	183.6457	112.8638
200	209	172.7011	113.0250
201	210	262.9959	172.0817
202	210	268.9575	181.0217
